01013500
01022500
01030500
01031500
01144000
01423000
01532000
01543000
01543500
01544500
01552000
01568000
01606500
01644000
01664000
02013000
02014000
02016000
02017500
02018000
02051500
02053200
02059500
02081500
02102908
02108000
02140991
02196000
02221525
02298123
02312200
02315500
02350900
02361000
02363000
02371500
02372250
02408540
02422500
02427250
02472000
02472500
02479300
02479560
02481000
02481510
03010655
03050000
03069500
03076600
03161000
03164000
03170000
03173000
03182500
03186500
03187500
03213700
03237500
03281500
03300400
03473000
03498500
03574500
03604000
04027000
04045500
04056500
04074950
04122200
04124000
04185000
04196800
04213000
05056000
05057000
05062500
05123400
05129115
05131500
05362000
05408000
05412500
05413500
05458000
05466500
05487980
05489000
05495000
05495500
05501000
05508805
05514500
05556500
05584500
05585000
06043500
06191500
06224000
06280300
06339500
06350000
06352000
06353000
06440200
06447500
06450500
06453600
06464500
06468170
06468250
06784000
06803510
06847900
06853800
06876700
06878000
06888500
06889200
06889500
06892000
06903400
06910800
06917000
06918460
06919500
06921070
07014500
07056000
07057500
07066000
07067000
07068000
07071500
07142300
07148400
07149000
07151500
07197000
07226500
07261000
07290650
07291000
07292500
07301500
07362100
07376000
08013000
08070200
08079600
08109700
08164000
08171300
08176900
08178880
08189500
08190000
08190500
08324000
09210500
09430500
09447800
09484600
09494000
09497800
09497980
09510200
10329500
10396000
11148900
11151300
11176400
11264500
11266500
11274500
11383500
11473900
11478500
11482500
11522500
11528700
11532500
12025000
12040500
12041200
12095000
12167000
12186000
12189500
12358500
12411000
12414500
12451000
12488500
13011500
13011900
13023000
13235000
13310700
13313000
13331500
13337000
13338500
13340600
14182500
14301000
14305500
14309500
14316700
14400000
394220106431500
