basin,std_obs,NSE,NNSE,MSE,RMSE,MAE,KGE,Pearson-r,low_var_flag,neg_basin_flag
01022500,10.991757631823756,-0.0028515594385303267,0.49928812511713805,121.16325764328238,11.00741830054997,8.319458377114303,0.3187928085825813,0.5279897296857963,False,True
01030500,99.94551761307223,-0.03834889174088785,0.4905931482347619,10372.177654354378,101.84388864509435,56.37582584645464,-0.16702055476002609,0.4167962663431244,False,True
01052500,3.5046616758806803,-0.3559237988636843,0.42446194587546626,16.654342142845667,4.080973185754308,2.876389201754762,0.24491936695191097,0.31859509701594124,False,True
01078000,0.004984973625852713,-40.45699002121321,0.023553247639560883,0.0010302046287529142,0.03209680091150696,0.0262193424971364,-5.3725708625545865,0.17605258360000478,True,True
01134500,3.826007438809261,-0.2243437455426074,0.44957080127741655,17.922351358005415,4.233479816652657,3.05970461555903,0.1323968502645989,0.4606938869734574,False,True
01139000,4.5943351729462725,-0.24724929596644674,0.4449884584655937,26.326832972909422,5.130968034680144,3.3961020701637423,0.05443244972621142,0.47170114797565593,False,True
01170100,0.0073746416531355165,-6.340310067424618,0.11989961906881327,0.0003992052551414238,0.019980121499666208,0.012382065697431803,-0.6407914179680567,0.2583521822389659,True,True
01195100,0.009691993439698808,-2.5924043276424134,0.21775086178297515,0.000337451555122597,0.018369854520997084,0.01697271231999769,-24.57933025030687,0.536659555843504,True,True
01411300,0.18439511412586798,-0.29948747316372515,0.43487951627071086,0.04418459883653112,0.21020132929296884,0.1215682937619212,0.17347123892982597,0.21346407022225838,False,True
01440400,0.01145941999381803,-2.6239412472073202,0.2162657236624624,0.0004758898277820099,0.02181489921549054,0.013158561566767514,-0.1639425124566496,0.255250507915575,False,True
01466500,0.12680552144331358,-0.435437861590263,0.4106037833160038,0.023081324442171633,0.1519253910384029,0.10217134233386714,-0.0966815425796308,0.36628165608400604,False,True
01484100,0.04503032874455597,-1.376645609870704,0.296151896153026,0.004819196807088799,0.06942043508282557,0.04608614673240439,0.06152823984626743,0.1536520925303213,False,True
01487000,2.7631728307974814,-0.1122235698560945,0.4734347321330809,8.491964974852097,2.9140976261704234,1.6641503085816998,0.2795082674819779,0.31635184487271045,False,True
01594950,0.27709779705904575,-0.029362312435285753,0.4927656307956044,0.07903772112413492,0.281136481311364,0.09800934268162174,-0.24967898139790323,0.41390444966138373,False,True
01605500,0.31618322132952975,-0.2259576747801324,0.44924484024556954,0.12256123157642831,0.3500874627524218,0.2100428764430488,0.12616525225673436,0.18444891912184375,False,True
01606500,14.067734764910725,-0.212065932631325,0.45206609136214454,239.86925578035832,15.487713058433073,11.101070931126596,0.07653420565792346,0.1752674960900592,False,True
01620500,0.3583616993990397,-0.916637905341275,0.34286052381363064,0.24614059594053606,0.4961255848477642,0.38297743140282364,-0.08774780802944626,0.22967130837314076,False,True
01666500,0.9392471731115363,-0.0062116775827079085,0.4984518887881781,0.8876651025528862,0.9421598073325386,0.30023224946892185,-0.24882282513747556,0.262516299680494,False,True
02014000,0.004141553396481093,-28.954400616913237,0.032305584345690995,0.0005137917942758676,0.022666975852015804,0.019393458593503738,-9.09122029223096,0.09170785428513038,True,True
02028500,0.011954534419572836,-1.3447199743203773,0.29897869109451913,0.000335086025807632,0.018305355112852414,0.00937173018270338,0.0531197634089301,0.08744378835615552,False,True
02074500,0.02933944502735298,-0.28614505491637865,0.4374175636184982,0.0011071175660959946,0.03327337623530252,0.017271513410120357,-0.9504741045643814,0.20636825057565641,False,True
02077200,0.44409185105016125,-0.00033764428769744725,0.4999156031761284,0.19728416155583506,0.4441668172610771,0.13938914429311924,-0.45650766305449997,0.16487918562964865,False,True
02108000,0.021899176343657303,-0.7442133909296487,0.3644031485690087,0.0008364792611069567,0.02892195119812902,0.016400307983913426,-0.37746118491136493,0.13818835976118352,False,True
02128000,0.07263169318470476,-0.02085095743598009,0.49484104521433003,0.005385359221223482,0.07338500678765031,0.0264932562402676,-7.562463593598464,0.27697787247262184,False,True
02137727,0.01322786137965635,-4.3365456898345105,0.1578146909923278,0.0009337691085985918,0.030557635847666485,0.012680009630123858,-0.5110894937838248,0.2305190526248613,False,True
02140991,0.01489550578448907,-0.8564178567308651,0.3500888350923865,0.000411894740239288,0.020295190076451315,0.012295816942031364,-0.24677711259259993,0.30953790860701247,False,True
02196000,0.04220425674681008,-0.31170662282242967,0.4325808431430936,0.0023364109020467994,0.04833643451938506,0.026849280299739525,-3.776561930899196,0.1618702072108914,False,True
02212600,0.02924020542263453,-0.4107243282717963,0.41481308678578005,0.001206154647701493,0.03472973722476882,0.022843662718326,-1.4613206625342121,0.23513651663367288,False,True
02231000,0.0499937562863878,-0.17986226031349206,0.45874458134624857,0.002948919024573909,0.054303950358826646,0.0293836938384243,0.021285100652706612,0.14285878697163445,False,True
02235200,1.6556586319797948,-0.07120840827595543,0.4828099364623504,2.9364023864637714,1.7135934134046418,0.9806452328055235,-0.09317256323454681,0.33605306951818237,False,True
02245500,1.0011917013458997,-0.01175271174425907,0.4970789869759715,1.0141655627236017,1.0070578745651124,0.1678669238683261,-0.441527739776127,0.13448556601626097,False,True
02312200,24.65617945501694,-0.005188123633254493,0.49870632496469863,611.0811867154456,24.720056365539413,15.184748936315392,-0.07989957427198613,0.31460513776656146,False,True
02315500,53.1749334050253,-0.4087869836258091,0.41514671359389244,3983.448802100277,63.11456885775484,35.925824519880805,-0.41273952377146195,0.18254694425469384,False,True
02349900,2.306876841459622,-0.02146844168758788,0.49468988947716014,5.435928954774436,2.331507871480265,1.2533042879007867,0.28027135208525644,0.4337464149361574,False,True
02361000,1.423736787120914,-0.17803395991487792,0.4591296639098695,2.3879059827889524,1.5452850813972652,0.9034986951045453,0.06115561575782402,0.311248615952426,False,True
02369800,0.060879239570317094,-0.05431385073544703,0.486780537278663,0.003907584247707757,0.0625106730703466,0.02141876862968466,-0.06697997703488934,0.14039023383805496,False,True
02374500,0.006482397681806576,-8.595875794926616,0.09437634220654109,0.0004032328999690853,0.02008065984894633,0.015647958708766355,-0.9345249285900343,0.28741936916406097,True,True
02422500,0.0396716716697968,-0.37962153329001813,0.4202348928223975,0.002171305669018042,0.046597271046897606,0.02682113012113017,-4.010487061811341,0.162497853526098,False,True
02479300,44.509272672944455,-0.00039656198598603254,0.4999008791572826,1981.8609730512405,44.51809714095202,20.807893504551497,-0.10112097938358455,0.31676162694388044,False,True
03066000,0.056408065812454375,-0.602480667701937,0.3842487717240289,0.0050988849837881635,0.07140647718371326,0.049677149750523904,-2.7109252087144493,0.28655581807646263,False,True
03069500,68.01034186884806,-0.0014110882319688933,0.4996474766627741,4631.933457940495,68.05830924979325,29.40968695838283,-0.12932440017870217,0.38349497007195144,False,True
03159540,0.012383746324237641,-4.149781620843849,0.1626074000108615,0.0007897559510587723,0.028102596873932705,0.022506448759873704,-0.6258644037703582,0.30726765336122025,False,True
03173000,0.027298534140496388,-0.10556494132047733,0.47493191987365785,0.0008238780125752799,0.0287032752935145,0.022386492657916198,-0.5297078076723194,0.21460694284980933,False,True
03241500,0.030496990123909475,-0.9851547216273855,0.33499101160654093,0.0018463257185244051,0.04296889245168422,0.0315699451660035,-42.61705010199497,0.2600141225736345,False,True
03471500,4.687256178765762,-0.03839407484164492,0.49058227373315244,22.813902534092072,4.776390115358258,2.867439658117226,0.3032539935782169,0.4520648320793174,False,True
03479000,0.03442622112580975,-0.5467822735578047,0.3926523324677534,0.0018331917507581072,0.04281578856868232,0.03217166429430352,-0.9716947128654696,0.34228344015241324,False,True
04043050,1.3716006359323183,-0.14685906511699898,0.4657967615333437,2.1575725461028767,1.4688677769298626,0.8123131417303995,-0.14545220847035778,0.26619991360081446,False,True
04056500,33.97978088538249,-0.03934942389803919,0.49035245666168725,1200.0593576164677,34.6418728941792,21.50272235573348,-0.01800188120100521,0.48949697333975,False,True
04057510,5.56090009938297,-0.16257645481568672,0.46241139718929775,35.95106078545306,5.995920345155784,3.7936792803099606,-0.012378574681177534,0.38859703914521776,False,True
04057800,0.15382003857143176,-0.2921932527118276,0.4362633904523229,0.030574073187760755,0.1748544342810921,0.09661714113221555,-0.25517420338763297,0.3605690746143259,False,True
04059500,0.1406979684108844,-0.16180812419488522,0.4625757433363456,0.0229990587242075,0.15165440555489149,0.08288656324264684,-0.14906572303479337,0.27424289583749634,False,True
04063700,0.006272409328713661,-4.205524223746513,0.16114674021790565,0.00020480155788312227,0.014310889486091431,0.012289669276340138,-1.9615260350063344,0.2645048439951585,True,True
04122200,0.40444480697054125,-0.5441521529092859,0.3930582527686016,0.2525856178148319,0.5025789667453583,0.37426324918815673,-0.0006887876442069896,0.29855238007012425,False,True
04124000,10.80207917445045,-0.3146293828055773,0.432034608835689,153.39741712015126,12.38537109335652,9.815926723471526,0.24330739892704356,0.5427429961750776,False,True
04127997,3.046290327010841,-0.3394109347072274,0.42745803448385955,12.429579115598408,3.52556082284768,2.757429516094875,0.2782450074637567,0.3909209140788434,False,True
04256000,6.3422627349990215,-0.03878026359760889,0.49048934691736285,41.78420542492426,6.464070344985755,3.741235330431076,-0.06616006305645317,0.40349620775726075,False,True
05056000,9.61167522751999,-0.17254892371616015,0.4602888289804277,108.3251123298085,10.407935065602999,4.6992830043507645,-0.4377181510704615,0.1478193853450954,False,True
05057000,18.92141222211232,-0.119242963511766,0.47186661332257757,400.7111872538393,20.01777178543704,8.282134367019552,-0.41533752609505337,0.21446756834190892,False,True
05057200,0.30716520792691016,-0.04163201130233918,0.48980423233181414,0.0982784645844102,0.31349396259642737,0.12128562599630259,-0.3287217662220976,0.18390884901978333,False,True
05062500,0.03025498769476011,-0.13529245588115746,0.4683199236927648,0.0010392061619326548,0.032236720706868664,0.01409597748073864,-1.9891705793514247,0.2490918471159916,False,True
05087500,0.2578512908053642,-0.013609384829456062,0.49662064923515226,0.06739213926096484,0.25959996005578434,0.10615757288657236,-0.1892420954391667,0.29838939102710504,False,True
05120500,0.01861143057456143,-0.5310271597553029,0.39509651097409754,0.0005303253755778564,0.02302879448815887,0.01338335343922741,-4.447472216514563,0.06472258990634973,False,True
05123400,1.1520655070184243,-0.025810182268475534,0.4936296641969748,1.3615116241851868,1.1668383025017592,0.4462886474927577,-0.18515127118616093,0.08226442863600013,False,True
05131500,0.015109445779620324,-1.4969961137755319,0.28595971155379696,0.0005700526061559322,0.02387577446190871,0.01677731538552122,-9.093260092941073,0.03970962318726482,False,True
05393500,3.144974439869761,-0.05497912890805323,0.48662294713005977,10.434655326806269,3.2302717109875245,1.8097657563349177,0.023970181584795802,0.40023887491413207,False,True
05399500,0.3684130870704547,-0.007254327595574761,0.4981929724858871,0.1367128195713066,0.36974696695349185,0.07324054003886217,-0.37617166521013345,0.20551683155922154,False,True
05408000,0.7938140127536053,-0.10307841740235246,0.4754934441461124,0.69509459158469,0.8337233303588727,0.3029377506796898,-0.39486262356386614,0.21743046386538079,False,True
05412500,72.72264333927968,-0.10681769424248144,0.4746495165352006,5853.497080553609,76.50815041911292,36.25097867762216,-0.20696804424787985,0.3480624687522147,False,True
05466500,0.02724296591339867,-0.045452685854042496,0.4888893333567712,0.0007759132294090127,0.027855219069485213,0.01812088589727925,-0.1556934970689552,0.2684618824870806,False,True
05489000,0.053622353366578106,-0.11954126414626542,0.4718002036175465,0.003219080564991065,0.0567369418015376,0.023741963034282602,-10.655536767228856,0.17639243560017712,False,True
05525500,0.05189969222025091,-0.09875422305502557,0.4764731329733133,0.002959580260375086,0.05440202441430912,0.024216988496735776,-8.02289257832605,0.2767242892790853,False,True
05585000,57.40101660068284,-0.022431642773942828,0.49445428901043703,3368.786204062807,58.041245714257435,26.033801803628947,-0.216696029993658,0.3792564103222691,False,True
06280300,0.0037125440810362093,-64.89041164403885,0.014949825773558656,0.0009081664600321588,0.030135800305154645,0.029677487497177503,-17.13392535762359,-0.14502517308003132,True,True
06289000,0.13270972426467495,-0.3045034642024329,0.43393295585523917,0.02297474661892877,0.15157422808290588,0.08418602211099545,-0.3417978838684821,0.24267190832931354,False,True
06311000,0.6827772051373832,-0.08222054154309588,0.48025652424834786,0.5045146713230643,0.7102919620290408,0.29033298693366244,-0.31282318693272826,0.42248966990073605,False,True
06332515,1.1227621962513294,-0.01182944698137467,0.49706002737977517,1.2755070904492098,1.1293835001668875,0.14665598809672484,-0.6666363772726898,0.049709438611319844,False,True
06339100,1.7987426201595986,-0.03893938097069438,0.4904510694790357,3.361462407753518,1.8334291390052462,0.3941850664988762,-0.5891963708811714,0.05930078590433486,False,True
06339500,0.009292393223263444,-4.316775322746512,0.1583086225022174,0.0004590959557843972,0.0214265245848317,0.01936059248829559,-23.487760801678306,0.10913110323509086,True,True
06344600,1.1648912112374286,-0.04247324176720291,0.48960249737948736,1.4146065140537707,1.1893723193574712,0.26607811003573895,-0.5968433639263411,0.028862660364583195,False,True
06350000,0.04398598862252987,-0.17034189026036395,0.4607568994026262,0.0022643390963286293,0.047585072200519246,0.018846149178699447,-46.484949704199806,0.07661416022177088,False,True
06352000,0.16581338527342132,-0.1383567043163867,0.4676488249043983,0.031298068857937025,0.1769126023152026,0.06903100216749075,-0.5903449063495398,0.15549992780576993,False,True
06353000,7.555658516476748,-0.14694718765758652,0.46577764266807326,65.47689308367993,8.091779352137571,3.314381006175974,-0.4831301597248008,0.1302847692448348,False,True
06404000,1.8136565377385365,-0.023230975304478818,0.4942589413695135,3.3657648463563214,1.8346020948304624,0.40379891013672875,-0.5270054487515987,0.09664500169384832,False,True
06406000,3.9752584874277765,-0.040671697860908074,0.49003472780468765,16.445401869921973,4.055293068314788,0.8800292128727737,-0.6179517680829956,0.048205922470987886,False,True
06408700,0.15957901998441215,-0.13962832775928957,0.46737089195638143,0.0290211637199473,0.1703559911477941,0.07373104262822504,-0.38067264714727633,0.2879023676093558,False,True
06431500,0.15097750154924286,-0.006002895288204968,0.49850376704283306,0.02293103720569164,0.1514299745945024,0.03266236062669409,-0.39785805727565027,0.04962715369110744,False,True
06447500,4.504001843685123,-0.1052428559901708,0.4750045806613909,22.420992616286114,4.735081056992173,1.651390596150852,-0.469402477607076,0.1870594756868392,False,True
06450500,0.06505471953307967,-0.05059924800366167,0.48766232649969954,0.004446258447588021,0.06668027030230173,0.018817824396600333,-1.0057289731727912,0.019309134458996735,False,True
06453600,12.379855153863927,-0.16479306226709456,0.46193791796096345,178.51713243439275,13.361030365746227,5.288601874537006,-0.5192841159178005,0.2580562889349597,False,True
06468170,6.782060918635401,-0.10716915204806354,0.47457034905244777,50.92574016347577,7.1362273060403405,2.338997947698246,-0.6459140205675833,-0.011226476550541785,False,True
06468250,8.052503549365412,-0.1353803825841171,0.46830064009010725,73.62125830016306,8.580283113054199,3.040668976133709,-0.6062416188399626,0.010376092245227385,False,True
06479215,0.914670828511991,-0.21147265518358993,0.4521873682932711,1.013545553474272,1.0067499955173937,0.5005147006631612,-0.38656635510104653,0.12200286473572396,False,True
06479438,4.245832953954119,-0.10897773387239806,0.47416337495600336,19.991649703774364,4.471202266032522,1.882987494029227,-0.4013245900304647,0.1323261904306518,False,True
06746095,0.0714613547758494,-0.04404788881670063,0.4892253285606239,0.005331665691389715,0.07301825587748392,0.040595321721138354,-0.3539358998327491,0.09925396024205586,False,True
06847900,0.017131668093732056,-6.179450696056025,0.12225759860404571,0.002107126073577745,0.04590344293816908,0.03328629758462391,-126.1614704819911,0.046219674248558655,False,True
07057500,0.02197270025669151,-0.4061004007524234,0.41561025453770967,0.0006788646499767475,0.026055031183568896,0.01672245428094275,-1.0347011087507152,0.2123611294170465,False,True
07067000,97.72858921102147,-0.11841022023749459,0.4720521032455603,10681.798615871834,103.35278717031213,46.90603261019822,-0.23849637837822035,0.34144379058477,False,True
07068000,0.03311355843502758,-0.18574101759590533,0.4575107443881431,0.0013001742179309826,0.03605792864171461,0.017671076727000443,-0.7577625621033817,0.1263889077438954,False,True
07083000,1.2648703308434175,-0.6277851184832797,0.3805486198114958,2.604288452580402,1.6137807944638585,1.3225649491919493,0.4312629608819667,0.4969903124399016,False,True
07180500,0.013615273534355384,-2.4326126741962883,0.22560058220771967,0.000636322886053093,0.02522544124595431,0.021281500236408766,-17.611447779168152,0.382769539403625,False,True
07184000,0.00034239513203574974,-6433.277398799757,0.00015539345672752348,0.000754318820415588,0.027464865199297594,0.024133654483631622,-3526.7869965678165,0.0741791367821669,True,True
07208500,0.22740458861864968,-5.571833898282123,0.13206840158325148,0.33984824039718875,0.5829650421742189,0.39297095602895243,-8.962977342127765,0.024006064682979437,False,True
07292500,0.003339854037426359,-59.733124064468065,0.016198759015592624,0.0006774552234900377,0.026027970022459254,0.023945649084337745,-17.84817265851155,0.09383784119201068,True,True
07301410,0.10535004107689389,-0.6884926128010338,0.37195564355973426,0.01873995671725751,0.13689396158069758,0.09357004874201992,-2.6422248938724606,0.30786633723414986,False,True
07315200,0.14520195540053366,-0.006217576995247942,0.498450423058161,0.02121469680729685,0.1456526580852435,0.040076905766962746,-0.4764033255736859,0.08949578450866126,False,True
08029500,22.221011488858185,-0.003875379803393919,0.49903302873959804,495.6869108621655,22.264027283089767,5.5301136892989025,-0.35063247297204625,0.3348101968741812,False,True
08079600,0.5870657098804576,-2.7177201948277645,0.2119667887672402,1.2812979434387402,1.131944319937487,0.7183035411754249,-9.891975328473931,0.13042801881229252,False,True
08082700,0.4317234996941226,-0.0063394827463711945,0.49842013707029936,0.18756676582212306,0.4330897895611522,0.08252397332721373,-0.16157951380961633,0.1214421481810251,False,True
08101000,0.08882160845366988,-0.06425960238320005,0.48443519354130365,0.008396240003911884,0.0916309991428222,0.029116579711388278,-2.3683370013753793,0.07036888262437418,False,True
08104900,2.5779316591928736,-0.14430025068939023,0.46635260135724976,7.6047123810587,2.757664298107857,1.3816275559064775,0.04049001080057202,0.19876883081889304,False,True
08150800,12.33772049661018,-0.01834944733411281,0.4954543433104835,155.01248794444737,12.450401115805361,2.064713017258883,-2.2062168730896525,0.061553692450039714,False,True
08164000,0.030998732910298046,-7.81915373696838,0.10184177035899486,0.008474513926535344,0.09205712317107972,0.06775349993480598,-3.40389652752813,0.13805436145443203,False,True
08171300,0.030864131557791784,-3.165125514605167,0.19360613738666177,0.003967676143578681,0.06298949232672606,0.030287011176277828,-0.8391690861427665,0.1229571866679114,False,True
08189500,0.6412453454237111,-0.03651735401927669,0.49103436218031576,0.4262113680693289,0.6528486563280412,0.1738850625124505,-0.43971810170161874,0.22963425912248364,False,True
08190500,0.04846534126804653,-0.06319169334344221,0.48468593743680727,0.0024973195968386944,0.04997318877997175,0.019441541320245528,-1.216141707496003,0.2229552105687183,False,True
08194200,0.07386319327279428,-0.6516535082410451,0.377123178760766,0.009011043841588996,0.09492651811579837,0.04753917360138017,-37.6396598505548,0.04509181770639521,False,True
08202700,0.06345403093829524,-0.09856774572291949,0.47651547205854805,0.004423288597816535,0.06650780854769262,0.0213506793361537,-0.0822724517561737,0.17404831398059994,False,True
08267500,0.015538872568228003,-7.795365051365046,0.10208909976873641,0.0021236985953299544,0.046083604409051536,0.043069903944381864,-2.430666428694991,-0.09438408216385107,False,True
08269000,0.536366064792815,-0.5723534460260777,0.3887490661692927,0.452348091561887,0.6725682802228239,0.5335729056685301,-0.8570475283969754,0.35083067772360294,False,True
08324000,3.393064183909879,-0.17541405171214697,0.4596826058069064,13.532406283017336,3.6786419074187333,2.1940783546101095,0.19670438194235484,0.2561671466991576,False,True
08377900,1.448640843006409,-0.18714430992858122,0.4572172011972332,2.491293909721107,1.5783833215417309,0.8980455020502931,0.1019337513544003,0.18632833700552903,False,True
08378500,4.463837088375021,-0.16234274375906432,0.46246137569365064,23.16065734073977,4.812552061093965,3.050225837416733,0.10849025554430136,0.21163453072448474,False,True
08380500,0.0016370658380737775,-309.55204080629386,0.003209736637936985,0.0008322746738746991,0.028849171112437514,0.027490407674596273,-3277.861169195158,0.0012597977510435752,True,True
09034900,0.01887479411058415,-38.20121707176512,0.024874868793520653,0.013965741417877776,0.11817673805735956,0.10932827842850719,-19.99487427702727,0.26176605104489425,False,True
09306242,0.029336874515129573,-3.188491925049905,0.19273423076405416,0.003604834816432874,0.060040276618557264,0.03776403959449269,-1.4524032187151081,0.10542425682027762,False,True
09312600,0.18581487404812647,-1.0091008366224834,0.33232518758741025,0.0693685609447462,0.26337912017611836,0.19955552142362964,-0.8753076885985891,0.18095710588469732,False,True
09352900,0.032092987847940325,-6.164390743513594,0.12248311373319257,0.007379034951711715,0.08590130937134612,0.08095960352099264,-3.2193550518940945,0.530616036381238,False,True
09386900,0.06576887766446417,-106.68658537272002,0.009200767478071832,0.46580319991992875,0.6824977655054475,0.503590019927254,-13.799929069599292,0.15994054061909246,False,True
09404450,0.6316102145271915,-0.17262527450679177,0.4602726534270897,0.46779711642126987,0.683956955093864,0.28975898425095026,-0.15845289061526002,0.048916152528922986,False,True
09430500,7.361422364544138,-0.9536135491243385,0.33856832770030837,105.86737167253985,10.28918712399283,7.69114207543757,-2.0918468473189002,0.21737078626128956,False,True
09447800,1.582936270419768,-0.12029082520975565,0.4716334137327941,2.8070984215717516,1.6754397696043124,0.4602534404281281,-1.0350763014860354,0.07307553912260178,False,True
09480000,0.9506939608326588,-0.0020308216831144144,0.4994928095858666,0.9056545024010478,0.9516588161736578,0.2102059578294396,-0.4104592589632552,0.05644556169409845,False,True
09484600,1.5951559944444926,-0.7138048975832698,0.36848632740346665,4.360815373775528,2.088256539263203,0.9746860584803848,-5.645536687044762,0.03542124435689497,False,True
09497800,15.03043357542461,-0.2806183504672295,0.43847757332792237,289.3095288218337,17.009101352565153,11.461237296493128,0.05384386301590027,0.3027326852691187,False,True
09497980,3.860935305405576,-0.01957453483323368,0.4951537973727595,15.198615527911047,3.8985401790812735,1.5973644953649244,0.013367878295236224,0.4362075212772745,False,True
09505800,4.2711590586365595,-0.0947091304280796,0.4773932502006317,19.97055940072901,4.468843183725404,2.0449516092360813,0.09572981120725654,0.43442198137523913,False,True
10166430,0.26839953066516237,-0.4371508821022525,0.410315178819546,0.10352991797542153,0.3217606532430924,0.18493050188004972,-0.06581691988895777,0.27468514946178585,False,True
10172700,0.04605426605748588,-4.983808443465947,0.14318834889230106,0.01269163031527688,0.11265713610454013,0.0812664277344779,-0.6566969439280272,0.18859616951423877,False,True
10205030,0.461804452459795,-0.44593893520174843,0.4088409508545302,0.30836578455912195,0.5553069282470028,0.41465392793939065,-0.16491902465268526,0.5862518590316721,False,True
10242000,0.005706232876400874,-34.34107569796115,0.0275170720952573,0.0011507440751296822,0.033922618930879764,0.027996761140364795,-38.48993680759167,0.035446778451096214,True,True
10244950,0.029876464861432365,-5.428560263962444,0.1346155869329373,0.005738153158397412,0.07575059840289984,0.06057801766049794,-1.5737765265930101,0.24761373695616104,False,True
10249300,0.2528444334268237,-0.2504580779217076,0.444353978334712,0.07994216945606493,0.28274046306827916,0.21163048286334746,-0.13356936485453463,0.27807794334724284,False,True
10259200,0.0018813203329935174,-326.71853801754986,0.003042116231201452,0.0011599159150438713,0.03405753829982242,0.03006240177549109,-2222.6125283127117,0.367812092423704,True,True
10263500,0.4689702651948348,-1.0194255016398999,0.33118883027810536,0.44413853025574757,0.6664371915310155,0.2877603902954205,0.18545997114213197,0.25390281687206684,False,True
10316500,0.05521256280030752,-0.5889023035412915,0.386264092944769,0.004843652827032466,0.06959635642066664,0.05432951443097323,-2.0109120372962876,0.30251087797353643,False,True
10329500,2.2093797082426447,-0.0682024517607247,0.48351165967754706,5.21427932613014,2.283479653101849,0.8792182083397018,0.01707236496030884,0.17071302120563314,False,True
10343500,0.0619118920749027,-0.09164392906696173,0.4780928465420398,0.004184361110061921,0.06468663780149592,0.03054900834390761,-0.2809921317066044,0.08425145801158235,False,True
10396000,3.348662401308736,-0.1716515911869172,0.4604790216157324,13.138361840824931,3.6246878266721025,1.7289683189799396,0.36942330350690744,0.6423597866916595,False,True
11151300,0.0005818957095809165,-2027.516217815212,0.000492728262638131,0.000686860899631644,0.026208031204797585,0.023695580541882776,-4238.641544835974,0.18584809761975102,True,True
11176400,0.016219204627256463,-4.171689406578342,0.16203018883842565,0.0013604780551748547,0.03688465880518423,0.03393441242167563,-41.10418689044607,0.3009583983461528,False,True
11224500,0.023676990569064856,-164.73625852913145,0.005997495738608554,0.09291172704210436,0.30481425006404206,0.17664143071613497,-134.62234393709497,0.1694157264039577,False,True
11264500,6.613238785421634,-0.152583123375732,0.46455813442956684,50.408139030827265,7.0998689446233625,2.9003068123139966,-0.44198649699742343,0.0950253067815523,False,True
11266500,32.62160398423281,-0.17453292064108417,0.45986887138281873,1249.901578246315,35.353947138138835,16.935961030013928,-0.34390681985921656,0.10272403083441903,False,True
11274500,0.008167022148338855,-6.644945765327538,0.1156745255720077,0.000509919799681538,0.022581403846562285,0.021375772463396125,-20.13511949304825,0.29091210073455603,True,True
11523200,11.752117271350409,-0.4902423966484377,0.40156733390527677,205.82074588478247,14.346454122353107,8.733987641409874,0.21268403514974743,0.42001692910888394,False,True
12040500,179.82971788790206,-0.0677361150693172,0.483620706100825,34529.2271984184,185.82041652740529,72.91654404694133,-0.2737071248197309,0.3406044532605555,False,True
12048000,11.41558798557632,-0.10695384663863639,0.47461884444947217,144.25340900023065,12.010554067162374,9.338762519116854,0.30943248800304235,0.48379335342833263,False,True
12189500,112.53622114487096,-0.4214703298317348,0.41297222917841364,18002.070365479212,134.1717942247148,84.63455080650485,-0.4654200602933136,0.07410915167809477,False,True
12358500,106.10429772785702,-0.08641215923963164,0.47929168528448296,12230.960627007076,110.59367353970605,57.79896991036042,-0.1593874545407965,0.5102956896427624,False,True
12374250,0.009882490770544487,-37.25094689287558,0.02547709238019706,0.003735726088483166,0.06112058645401863,0.03652878148825438,-4.858327630062699,0.16060259256612908,True,True
12414500,72.47651447107923,-0.017193252371869194,0.4957383229515435,5343.158642208734,73.09691267221027,40.506131308818816,-0.05096321078812038,0.5789715720981269,False,True
12447390,0.041478463173572046,-0.00847942313972827,0.4978890938483022,0.0017350514402280786,0.04165394867510257,0.03062485960415668,-0.13027224987616792,0.2953049986798529,False,True
13011500,26.39118677869437,-1.9270491024622096,0.2546441294490086,2038.674302380508,45.151681058189936,37.37264061427719,0.09393244720694671,0.3608915953222092,False,True
13018300,0.05917644318372744,-0.5140059355660709,0.39777153500428514,0.0053018238472761796,0.07281362404987256,0.059074082884935014,-2.131633034604712,0.20121304362187503,False,True
13083000,0.2975182280176595,-0.6463899457677929,0.3778732614969452,0.14573365688751974,0.3817507785028339,0.15119510879344483,0.1475064911853703,0.15143624104148382,False,True
13161500,0.2792402491049451,-0.28605769541914783,0.4374342791102,0.10028049890920893,0.3166709631608319,0.19297208327286436,0.18315076276265319,0.38985432939108233,False,True
13337000,103.64032767401437,-0.041333651094248136,0.48987582185007056,11185.295391056869,105.76055687758489,60.32451196115465,-0.14053832531550814,0.4704672867993303,False,True
13338500,0.05581799087457593,-0.2628061271379212,0.44192915513483966,0.003934459517345967,0.06272527016558771,0.032530835323020146,-2.3423515575046525,0.13287399564754962,False,True
14020000,0.040222592500700524,-0.4777795237231799,0.40358715956186947,0.002390835869295405,0.0488961743830272,0.03664794835537507,-8.481795571421914,0.42986994719435623,False,True
14096850,2.0272082597611747,-1.098428516374645,0.3227442539710622,8.623645862539409,2.936604478396675,1.2488696966975625,0.11188997800231326,0.18619928761077603,False,True
14154500,0.06662761558422284,-0.43554684504714825,0.4105854100213957,0.006372735768306828,0.07982941668524722,0.054772665477399826,-0.42866810572532676,0.45271596814787546,False,True
14166500,0.1264946246319035,-0.5308429093851619,0.395125274781649,0.024494849093375397,0.15650830359241455,0.10077840656812717,0.023324701494986888,0.5254533059146732,False,True
14308990,0.06929184468529828,-1.0499624579280513,0.32787288820575705,0.009842607213784767,0.09920991489657054,0.05291329450849012,-0.441172535831456,0.26547074692066136,False,True
14362250,0.560039049862738,-0.9118808242678345,0.3434206481480714,0.5996494471316145,0.7743703552768627,0.4674979397490211,-1.0247209720465036,0.2145006258895207,False,True
