01013500
01022500
01030500
01031500
01047000
01078000
01144000
01169000
01181000
01333000
01423000
01439500
01440400
01491000
01510000
01518862
01532000
01539000
01543000
01543500
01550000
01552000
01568000
01580000
01605500
01606500
01632000
01634500
01638480
01639500
01644000
01664000
01667500
01669520
02013000
02014000
02016000
02017500
02018000
02027000
02027500
02028500
02046000
02051500
02053200
02053800
02056900
02059500
02065500
02074500
02081500
02082950
02092500
02102908
02108000
02111180
02118500
02128000
02137727
02140991
02143000
02149000
02177000
02196000
02202600
02212600
02215100
02216180
02221525
02231000
02296500
02297310
02298123
02310947
02312200
02314500
02315500
02350900
02361000
02363000
02371500
02372250
02374500
02408540
02415000
02422500
02427250
02450250
02464000
02469800
02472000
02472500
02479300
02479560
02481000
03010655
03015500
03028000
03049800
03050000
03066000
03069500
03070500
03076600
03144000
03159540
03161000
03164000
03170000
03173000
03180500
03182500
03186500
03213700
03237500
03281100
03281500
03285000
03300400
03346000
03439000
03456500
03471500
03473000
03479000
03488000
03498500
03500000
03604000
04024430
04027000
04040500
04045500
04056500
04057510
04059500
04074950
04122200
04122500
04124000
04127997
04185000
04196800
04197100
04213000
04213075
04216418
04221000
04224775
04256000
05057000
05057200
05062500
05087500
05120500
05123400
05129115
05131500
05291000
05362000
05393500
05399500
05408000
05412500
05413500
05414000
05444000
05458000
05466500
05487980
05488200
05489000
05495000
05495500
05501000
05503800
05507600
05508805
05514500
05525500
05556500
05584500
05585000
05592050
05593575
05593900
05595730
06037500
06043500
06188000
06191500
06221400
06224000
06278300
06280300
06289000
06339100
06339500
06344600
06352000
06353000
06406000
06431500
06440200
06447500
06450500
06453600
06464500
06468170
06468250
06470800
06477500
06479215
06479438
06784000
06803510
06803530
06814000
06847900
06853800
06876700
06878000
06885500
06888500
06889200
06889500
06892000
06903400
06910800
06911900
06917000
06918460
06919500
06921070
06921200
07014500
07056000
07057500
07060710
07066000
07067000
07068000
07071500
07142300
07145700
07148400
07149000
07151500
07167500
07180500
07184000
07197000
07226500
07261000
07290650
07291000
07292500
07295000
07301410
07301500
07335700
07346045
07359610
07362100
07375000
07376000
08013000
08014500
08025500
08070000
08070200
08079600
08086212
08101000
08104900
08109700
08150800
08164000
08164300
08165300
08175000
08176900
08178880
08189500
08190000
08190500
08194200
08195000
08196000
08198500
08202700
08324000
09081600
09210500
09223000
09430500
09447800
09494000
09497800
09497980
09505350
09505800
09510200
09513780
10234500
10258500
10259000
10329500
10396000
11124500
11148900
11151300
11162500
11176400
11224500
11253310
11264500
11266500
11274500
11381500
11383500
11451100
11468500
11473900
11478500
11480390
11482500
11522500
11523200
11528700
11532500
12013500
12020000
12025000
12035000
12040500
12041200
12048000
12082500
12092000
12095000
12117000
12141300
12143600
12144000
12167000
12175500
12186000
12189500
12358500
12411000
12414500
12451000
12488500
13011500
13011900
13023000
13083000
13161500
13235000
13310700
13313000
13331500
13337000
13338500
13340600
14020000
14137000
14154500
14182500
14185000
14216500
14222500
14301000
14305500
14306500
14309500
14316700
14325000
14400000
394220106431500
