basin,std_obs,NSE,NNSE,MSE,RMSE,MAE,KGE,Pearson-r,low_var_flag,neg_basin_flag
01073000,0.5719339811571569,-5.541273217628181,0.13260360301791477,2.1397059316484177,1.4627733698862642,1.4062752730706505,-1.5157940893116155,0.5034362668278449,False,True
01078000,0.004984973625852713,-9.673058967228263,0.08566734759136126,0.0002652251102978069,0.01628573333619972,0.013613445422659947,-2.1445535123259556,0.32555188972320503,True,True
01139800,0.9456430164745946,-0.13077087763223183,0.4693137166916915,1.0111813576708244,1.0055751377549191,0.9102448934700329,-0.8039730122193078,0.8169487120442126,False,True
01162500,1.4017285489034685,-0.04664010206794633,0.488605690365194,2.0564833993716922,1.4340444202923743,1.2992822332363554,-0.08118948544052262,0.8408301945233596,False,True
01170100,0.0073746416531355165,-4.449294386922884,0.1550557223791306,0.00029636172533451617,0.017215159753383533,0.013364780817885783,-0.15914750349170026,0.44626976073995567,True,True
01195100,0.009691993439698808,-3.3142637432193407,0.18817282098125743,0.0004052592293568015,0.02013105137236507,0.018329345406360043,-27.3674304292643,0.5125759644167698,True,True
01411300,0.18439511412586798,-0.7111703988573597,0.36884439296823857,0.05818245975883559,0.24121040557744516,0.2119847510649818,-0.09827767327862325,0.3943202584234218,False,True
01440400,0.01145941999381803,-1.6677979586232974,0.2726431529983589,0.0003503307102632527,0.018717123450553312,0.015332276634620272,0.1843675927984969,0.23785929097591293,False,True
01466500,0.12680552144331358,-82.90902997436291,0.011777310379142666,1.349227017267434,1.1615623174274525,1.1489997981360862,-6.483265940028976,0.3693031551514738,False,True
01484100,0.04503032874455597,-74.65673482194272,0.013045168207630903,0.15341146924656798,0.3916777620015821,0.3782395339855652,-3.570768921413076,0.14572717267069749,False,True
01486000,0.2897382795267029,-5.8150844871182805,0.12795766976650283,0.5721145568438541,0.7563825466282614,0.7314146912428809,-3.7814622154059307,0.6158975119296857,False,True
01516500,1.1714554748390007,-0.2603536160047317,0.4424086536369213,1.7295932612554406,1.3151400158368844,1.1525193311202206,-1.2104902568842926,0.816624335584522,False,True
01542810,0.5535799228850836,-2.2139507038682464,0.2373070000752591,0.9849175426673443,0.9924301197904789,0.9551090407540843,-1.7663529861149887,0.6211374512938598,False,True
01594950,0.27709779705904575,-0.89981823731341,0.3448492002472777,0.14587410303771248,0.38193468425597654,0.34570710136055277,-1.3219370106468826,0.6590941943015797,False,True
01613050,0.32300200897674763,-1.108007650074705,0.3217495297915254,0.21992906590332773,0.46896595388506374,0.4368639969360949,-2.3720694276920935,0.715083830654938,False,True
01620500,0.3583616993990397,-12.09030142787284,0.07097080251397903,1.6810971887379818,1.2965713203437679,1.2572128578106585,-2.5076086860984867,0.3567206776156917,False,True
01658500,0.4804124452722128,-9.458562755948007,0.08727097990373284,2.4137956794603808,1.55363949468993,1.5204767792007088,-5.908751067613006,0.48867070886531433,False,True
02014000,0.004141553396481093,-2.6211881277770663,0.21639456614830152,6.211230093953302e-05,0.007881135764566742,0.004395087816331857,-0.44181875280282745,0.46470552553288064,True,True
02028500,0.011954534419572836,-0.4398685978364014,0.4098581378057689,0.00020577290739123556,0.014344786767018726,0.009287923100655173,0.35536695984647426,0.41046549483009,False,True
02038850,0.7130920648890231,-4.535693297736922,0.15300595582510954,2.8149016638999345,1.677766868161347,1.6286537947342832,-6.833501395421759,0.6928211199957237,False,True
02055100,1.0621183036877722,-1.7899753668318827,0.26385395766725533,3.147358073408811,1.774079500306796,1.7184969669119095,-2.395352950549443,0.8241060212696778,False,True
02056900,0.055053917187331734,-0.006959241810321037,0.498266222436076,0.0030520267988786375,0.05524515181333686,0.023457115233053227,-0.2668093284827824,0.5045150278890459,False,True
02096846,0.782555000100143,-0.4454470559979624,0.40892318545490247,0.8851806878860267,0.9408404157379862,0.8894439849780195,-4.550342905317518,0.8698887970607097,False,True
02137727,0.01322786137965635,-1.381068749155144,0.29576446803984047,0.0004166306394876028,0.02041153202206054,0.010056192303866894,0.09116066661389621,0.5144260317216314,False,True
02140991,0.01489550578448907,-0.20206101285492273,0.4541200239967567,0.0002667086005698955,0.016331215526405117,0.007460358207170501,0.3021664849446689,0.36337531701276204,False,True
02177000,0.05351513734874234,-0.39661328498592563,0.41725546890051246,0.003999718784361766,0.06324332995946502,0.04777707164179449,0.15650667674354557,0.5262407631520543,False,True
02198100,0.09658467424716626,-0.0845562667091353,0.4797184014508221,0.010117390829816579,0.10058524161037034,0.07364016249176979,-0.692961663230099,0.5088646569412251,False,True
02361000,1.423736787120914,-0.12055842255485127,0.4715738974053819,2.271401548964367,1.5071169659201527,0.8004247968880994,-0.03463049443298161,0.4811318530649298,False,True
02369800,0.060879239570317094,-0.1258474335488562,0.4704006431593333,0.0041727078645404396,0.0645965004047467,0.03137326211548679,-0.20897633940358395,0.3531492043540809,False,True
02374500,0.006482397681806576,-3.838392776294593,0.1712800146061194,0.00020331642385432343,0.014258906825360892,0.011633575615051484,-0.295425032239806,0.37139433384564846,True,True
02381600,0.5060094399815567,-1.948521662701919,0.25325934246381054,0.7549558606922975,0.8688819601604683,0.8326430666219887,-1.141899411386511,0.7377606989356729,False,True
03015500,0.14220673913532272,-0.06996056752929425,0.48310099027325937,0.021637552188127438,0.1470970842271438,0.05956065537765593,-0.2548043524481969,0.44902407923021914,False,True
03026500,0.6888062816255076,-0.6942758391137771,0.3711572458478966,0.8038561075665567,0.8965802292971649,0.828950312502191,-1.0370194078061021,0.8059825836163753,False,True
03050000,0.18156471775230495,-0.0024350083875428474,0.49939198816007924,0.03304601860226935,0.1817856391530127,0.06908797578546862,-0.19500873665255547,0.5115898333152167,False,True
03159540,0.012383746324237641,-0.4168658628876274,0.4137589989397335,0.00021728654328533823,0.014740642566907937,0.00824556735885222,0.37018377104906375,0.4946115307036884,False,True
03173000,0.027298534140496388,-0.8913396851268276,0.34586043457434,0.001409445182863619,0.03754257826606504,0.029039948984518442,-2.019015796925087,0.5357708008700012,False,True
03241500,0.030496990123909475,-0.05478518136938271,0.4866688786092783,0.00098102026338996,0.03132124300518675,0.015204594001379801,-19.46323994946839,0.418564773006183,False,True
03450000,0.9558371219262043,-1.4145148812005748,0.2928673720257417,2.20596020134914,1.4852475219131456,1.4334037332058744,-2.4473389037481903,0.8373577468899286,False,True
04043050,1.3716006359323183,-0.21340230053916365,0.45179315109431734,2.282759556645516,1.5108803912439648,1.2902073419646893,-0.07120718497400991,0.5175386060681992,False,True
04063700,0.006272409328713661,-6.382719095990715,0.11929303470019408,0.00029045919436412984,0.017042863443803388,0.016185826774621527,-2.825727895791754,0.4865414461123767,True,True
04115265,0.7770444768670554,-0.03406983751261072,0.49162520458140374,0.624369422835354,0.790170502382463,0.701254268654287,-0.04556101564351245,0.7809138322656051,False,True
04122200,0.40444480697054125,-0.358558130037397,0.42398785396234606,0.22222696381722284,0.4714095499851725,0.34713321767314387,0.3014967385967321,0.6037325085578503,False,True
04221000,0.28234628223117864,-0.023328842303169672,0.49423503441076483,0.08157918493952926,0.28562070117470345,0.1215449905477839,-0.15445256696697718,0.6778498331192544,False,True
05120500,0.01861143057456143,-0.228102093071751,0.44881246829285093,0.0004253965709271423,0.020625144143184608,0.009041386693599543,-3.603017268051029,0.08795480083381849,False,True
05123400,1.1520655070184243,-0.27042284254470506,0.4404465905034647,1.6861749840793707,1.2985280066596063,0.9012328811477242,0.0669690213199935,0.6733518797358905,False,True
05131500,0.015109445779620324,-4.768953800181204,0.14773331736630116,0.0013170253371415917,0.03629084370942059,0.025007724528950205,-15.630346802414632,0.31663943853723353,False,True
05489000,0.053622353366578106,-0.009851941164731537,0.49754908783006624,0.00290368462639996,0.053885848108756344,0.011106884359909527,-3.594046212460997,0.13363944459776933,False,True
05525500,0.05189969222025091,-0.00781921588656731,0.49805280878260877,0.002714639720857034,0.05210220456810857,0.010828883819511725,-2.124861702980941,0.11936682274109302,False,True
06280300,0.0037125440810362093,-100.0662604629113,0.009797556954321635,0.0013929946057878988,0.037322842948895235,0.035769181027323654,-20.79058311730298,0.14806890496238018,True,True
06311000,0.6827772051373832,-6.336253458336399,0.11995796492967503,3.420049204571388,1.8493375042353377,1.7608717193835286,-3.9268435659943393,0.31680656220569003,False,True
06332515,1.1227621962513294,-1.6080084974695166,0.27716120976470865,3.2876423397226864,1.8131856881529498,1.722151669326287,-11.091002838937703,0.7969394822727579,False,True
06339100,1.7987426201595986,-0.9619704829113918,0.33761308756091185,6.347906474838583,2.5195052043682273,2.422079275995454,-4.551119647806832,0.8867888408836064,False,True
06339500,0.009292393223263444,-3.423706329517148,0.18437576432886002,0.0003819807236861098,0.019544327148462028,0.017397121437707542,-21.52374843050758,0.23524030843013655,True,True
06344600,1.1648912112374286,-4.128857623109512,0.16316254373888425,6.959713796591871,2.638126948536001,2.5742726182258777,-8.015014584189561,0.7385173833969001,False,True
06350000,0.04398598862252987,-0.14643336307257182,0.46588914298672757,0.0022180816622425006,0.047096514332193425,0.01710343255473565,-43.49920922150926,0.060687887080603964,False,True
06408700,0.15957901998441215,-5.783509747762351,0.12847674537665812,0.1727452206920318,0.41562629932672907,0.4045254256465686,-3.4955962361196153,0.5916476193221513,False,True
06479215,0.914670828511991,-3.2922793112250828,0.18895450167926134,3.591018411804366,1.894998261689009,1.7775184203280052,-2.106698801394829,0.578814607055288,False,True
06614800,0.1710508162602029,-0.625421593027649,0.3808912072086659,0.04755720546257601,0.2180761460191738,0.1870249126855054,-1.6249065229710182,0.41977971729175534,False,True
06847900,0.017131668093732056,-0.12973531864541732,0.46954191501882653,0.00033157059598823164,0.01820908004233689,0.0020557561748997754,-2.5423608535645044,0.1117857232289807,False,True
06879650,0.8999296857808359,-1.4614564873944227,0.288895730349839,1.9934682312554917,1.4119023448013293,1.3440863612475171,-15.496343092108745,0.8829869829255681,False,True
07014500,0.06057612235666664,-0.45192295061041654,0.4078431582652488,0.005327782772704209,0.07299166235060145,0.015433586188241285,-0.14492548099904146,0.23497852368258726,False,True
07057500,0.02197270025669151,-5.254559665811093,0.13784434149914673,0.003019698633196775,0.05495178462249224,0.009427078489620983,-0.8490318105251744,0.36643551817437137,False,True
07068000,0.03311355843502758,-3.691742624761525,0.17569311648941582,0.005144532159518875,0.07172539410500911,0.024619967390045013,-1.1367311463374294,0.18974425556498267,False,True
07142300,0.37703549148388377,-2.8686875336846267,0.20539416281726325,0.5499562236660217,0.7415903341239162,0.7093781873316657,-2.3417883252025016,0.39344850550834914,False,True
07180500,0.013615273534355384,-0.03807116153451462,0.49066000190448456,0.00019243314062248216,0.013872027271544782,0.0036670754678664835,0.21408078872281744,0.48668100839474754,False,True
07184000,0.00034239513203574974,-2356.5778383596967,0.0004239843111115904,0.000276389285671947,0.016624959719408257,0.009749146746818616,-514.5753996517639,0.25039225505039314,True,True
07208500,0.22740458861864968,-61.75515812408605,0.01568500540856176,3.2452478858135665,1.8014571562525616,1.7781022781229963,-48.713854184651495,0.17421843703427844,False,True
07292500,0.003339854037426359,-231.9583762544207,0.004274264576501157,0.0025985633257032937,0.050976105438757226,0.014248999586663334,-13.398992144169071,0.13734502464934986,True,True
07301410,0.10535004107689389,-0.4182318716676092,0.41352527510540227,0.01574043243576685,0.1254608801011967,0.09944478830075228,-2.961178077699694,0.550907383140223,False,True
08079600,0.5870657098804576,-11.326462021628771,0.07503867105740486,4.248267650739751,2.0611326135743306,1.9901813756551225,-30.257560398698107,0.6994239606129777,False,True
08103900,1.5588637590435306,-0.01707579202985099,0.495767191273297,2.471551353880245,1.5721168384952324,1.4857947472570225,-6.730055181685924,0.9386566504618831,False,True
08104900,2.5779316591928736,-0.1439556462157605,0.4664275596209621,7.602422232205197,2.75724903340362,0.8386454804547292,0.48725732160622315,0.5537964690006687,False,True
08164000,0.030998732910298046,-5.8009525060168965,0.12818947419929774,0.00653518108935448,0.08084046690460465,0.025539283651653248,-1.274253703842282,0.270466721212821,False,True
08171300,0.030864131557791784,-0.2830920943484714,0.43800248026585686,0.0012222666219563916,0.03496092993552076,0.016422236621271114,0.1777680741435005,0.22246360209681587,False,True
08190500,0.04846534126804653,-0.06987319361221722,0.4831213830325812,0.002513013701356218,0.050129968096501096,0.014428732422046248,-0.8612361934985704,0.32531253874599714,False,True
08194200,0.07386319327279428,-0.05847056076708834,0.4857975717793847,0.005774773328978116,0.07599192936738819,0.020218644235821977,-14.53645580730851,0.21314727651039986,False,True
08267500,0.015538872568228003,-0.04660836396586587,0.48861326749502054,0.00025271045595429034,0.015896869375895694,0.009670528515509277,0.06884283472975394,0.3079979453105771,False,True
08269000,0.536366064792815,-9.769202234387,0.08496752626768717,3.098176234281726,1.7601636953084012,1.7057588606731078,-6.376882087677304,0.3894827712943633,False,True
08271000,0.44338547661061134,-6.388276538499227,0.11921400008814124,1.4524663151536392,1.2051831044093007,1.1803926585209628,-4.865100876295501,0.5229025458676261,False,True
08380500,0.0016370658380737775,-34.25450494840233,0.027582779062166402,9.448152886828771e-05,0.009720160948682265,0.008128694851195493,-911.6330917328604,0.02601133546429118,True,True
09034900,0.01887479411058415,-7.70819240845889,0.10300578706378805,0.0031023619284835406,0.055698850333588935,0.05296559260557616,-9.043087562599048,0.3896901998392854,False,True
09306242,0.029336874515129573,-4826.210195468548,0.00020711608639958066,4.154549105083311,2.0382711068656474,2.0137225448238625,-152.3703957121553,-0.16078032314032933,False,True
09312600,0.18581487404812647,-132.32137812943517,0.007444831298830012,4.603209543009644,2.1455091570556495,2.113769225840274,-22.913225282690636,-0.16915173493737898,False,True
09352900,0.032092987847940325,-0.046668510433467425,0.48859890837339764,0.0010780265619009003,0.03283331481743658,0.020432132223071213,0.18810831064965772,0.6002726313134357,False,True
09378170,0.14332943140728566,-0.01912545622873818,0.4952639257333568,0.020936226387973076,0.14469356028508343,0.07892758807602854,-0.5754330085000758,0.18227669924562237,False,True
09378630,0.10629688467127221,-6.708213777902195,0.11483411242585498,0.08709532092325976,0.29511916393765375,0.2877787733360725,-11.472095658327875,0.3016399748147182,False,True
09386900,0.06576887766446417,-1030.2153180274693,0.0009687901182390591,4.460568540464895,2.1120058097611607,2.0921249059756106,-55.02760006107337,-0.003023529002637123,False,True
09404450,0.6316102145271915,-6.843185213940724,0.11308142663613592,3.1288933527231086,1.7688678166338796,1.7310970844717923,-4.907618125801362,0.48853607004650634,False,True
09430600,0.9068341628624733,-2.492760930058243,0.22258028316388434,2.872265660142125,1.6947759911392788,1.6366255468843327,-4.688363038532993,0.818496182437155,False,True
09447800,1.582936270419768,-1.3697842244928564,0.2967549057686319,5.937938083884619,2.4367884774605733,2.3997858408484136,-12.63725622421142,0.9508127416730504,False,True
09480000,0.9506939608326588,-2.9230694783155373,0.20312530716957442,3.5457447609253196,1.8830148063478735,1.8553249760899098,-16.455265677600565,0.9257355919374536,False,True
09484000,1.688438755267226,-0.08916418250434122,0.47866032185238366,3.105016949242586,1.7621058280485273,1.6861809249933355,-3.4051456640285656,0.9282442857019494,False,True
09484600,1.5951559944444926,-0.992626302240811,0.334154651802406,5.070282752286866,2.251728836313748,2.226068084683305,-16.030972775538476,0.96093264611334,False,True
09492400,1.3814409857838572,-0.29454192634994203,0.4358168349491685,2.470476882153943,1.5717750736520613,1.4667539221057675,-1.3499782710100652,0.8770360153637367,False,True
09512280,1.0191031575031686,-2.4540248467902743,0.22451603536083437,3.587250887578058,1.8940039301907634,1.8636155191819619,-23.425593770178235,0.9122533548009059,False,True
09513780,1.355433074097657,-0.8905742083122321,0.3459520247307149,3.4733607015290118,1.8636954422675964,1.76466422148412,-11.493022937293023,0.9131417116997571,False,True
10023000,0.4522712635647541,-14.068043656543727,0.062235330036133484,3.0821577197297265,1.7556075073118498,1.707371502213718,-4.327108166564491,0.13035496901487725,False,True
10166430,0.26839953066516237,-30.701744851095977,0.03057940805768612,2.2837400616633308,1.511204837758049,1.489049345464087,-7.102850457185129,0.20318105785712165,False,True
10172700,0.04605426605748588,-1259.5564265978476,0.0007926716387128158,2.673634410104823,1.635125197073552,1.618418613972532,-26.12173788641986,-0.12134717338423225,False,True
10172800,0.18904978035822292,-15.955044542423867,0.055694654370654295,0.6059702307721494,0.7784408974174915,0.7659398178655047,-6.552895623665428,0.3348636678961939,False,True
10205030,0.461804452459795,-4.700862275631092,0.14923452517994323,1.2157849999683423,1.1026264099722727,1.0540004893090626,-2.2139555788650442,0.1356260443905901,False,True
10242000,0.005706232876400874,-4.364848699561746,0.1571129255702269,0.0001746853408693504,0.013216858207204555,0.011139295950574678,-14.389912044650822,0.11587997985315067,True,True
10244950,0.029876464861432365,-2023.8429457395755,0.0004936216808430475,1.807381196920229,1.3443887819080569,1.333995451330835,-53.2676566629172,-0.21456400709234733,False,True
10249300,0.2528444334268237,-23.460707092518597,0.03927620691625808,1.5637805264573796,1.25051210568206,1.2271154702444091,-6.585538430575337,0.18440823699387016,False,True
10258000,0.602422447643712,-2.5274208733338255,0.22087630639552996,1.2801462050564265,1.1314354621702585,1.0963369140230121,-7.36186547360872,0.8109128940289357,False,True
10258500,1.6710423498540574,-0.3935285103309325,0.41779322689652804,3.8912646742807033,1.9726288739346545,1.931837389124754,-17.347926603982916,0.9618883883588216,False,True
10259200,0.0018813203329935174,-217.46139524020475,0.004556610053925342,0.000773214877298864,0.0278067415800353,0.02519644046547452,-1862.6913238165823,0.5269065792830377,True,True
10263500,0.4689702651948348,-7.28275081355611,0.10772668792742397,1.821651142773072,1.349685571817774,1.3107573353934932,-3.7875947839470925,0.6115039366032379,False,True
10310500,0.4425503565928473,-6.320085635958778,0.12019107059163862,1.4336447605143272,1.1973490554196495,1.1714535801127022,-3.826621071463329,0.36381473201533415,False,True
10316500,0.05521256280030752,-0.1496774323875978,0.4651860716095078,0.0035047078307762687,0.05920057289229783,0.023992037119796517,-0.9047265395520998,0.21258347750308504,False,True
11151300,0.0005818957095809165,-72.04829180656365,0.01350470045429677,2.4734342760567356e-05,0.004973363324810219,0.004161664637848628,-726.3739502998694,0.049634499155897856,True,True
11180500,0.6354109810500282,-6.035836813490302,0.12444254695680634,2.840698813924447,1.6854372767695769,1.6481711760508944,-25.09904839432771,0.7707913686784066,False,True
11180960,0.438293422708853,-12.178630088328193,0.07052867546232108,2.53162965788564,1.591109568158535,1.5679826986239793,-27.912178412224264,0.7091040890370434,False,True
11224500,0.023676990569064856,-11.192390593038361,0.07580127293439153,0.006835052732724663,0.08267437772807645,0.07785229935869532,-58.037611927239205,0.3046107658888995,False,True
11274500,0.008167022148338855,-1.0078995347228523,0.33245791239238975,0.00013392740248990685,0.011572700743124175,0.00886211323495765,-7.899543857405003,0.3827393076218643,True,True
11274630,1.3381328296120614,-1.510516550515447,0.28485836360838995,4.495329603989836,2.120219234888184,2.0620553284914567,-8.832765861086035,0.8592411813775194,False,True
12010000,0.37009453731510256,-0.02788957899152411,0.4931234966438869,0.14079000125205585,0.37521993717292773,0.15642561792460025,-0.24798735274482908,0.8048179850923664,False,True
12374250,0.009882490770544487,-214.06394025741915,0.004628259573571589,0.021003923760676012,0.14492730509008994,0.13724254201855457,-15.123186339358973,-0.2186028548518978,True,True
12375900,0.7479773831032251,-0.7233546579592571,0.3671941871681703,0.964165515934503,0.9819193021498778,0.9129339218003846,-0.5169091995331876,0.48662780451768256,False,True
12447390,0.046645389878644895,-0.44766188847368626,0.4085531603482948,0.0031498117302675125,0.056123183536463006,0.035509903658889626,-0.507935010074311,0.5475651674627928,False,True
13011500,26.39118677869437,-0.043851102945130505,0.48927243210575794,727.0368021143448,26.963619974223505,23.4359906575069,0.3755512149441803,0.9173065700780494,False,True
13083000,0.2975182280176595,-41.861200397158335,0.02279919361406232,3.7939489903491435,1.9478061993815359,1.8909294769334892,-5.96821697681655,-0.1704101363343281,False,True
13161500,0.2792402491049451,-0.12884539671493633,0.46973819777759335,0.0880218515678984,0.29668476800789484,0.13540067942169826,0.5036515832152613,0.5505062405211957,False,True
13338500,0.05581799087457593,-0.021761964215470053,0.49461806963414845,0.0031834507278492167,0.05642207659993752,0.017747612816933395,-0.026318569838668537,0.18208032666660548,False,True
14138800,0.7379197725067119,-0.11219395765428453,0.473441369518242,0.605618071716131,0.7782146694300558,0.45690272338860466,-0.17603060534213655,0.6565444125294577,False,True
14303200,0.5643983183045328,-0.017944742003704883,0.4955537082779862,0.3242616778317317,0.5694397929823062,0.2705108490069155,-0.14969624267615256,0.5461695249916467,False,True
14362250,0.560039049862738,-2.0200696969383922,0.24875190615764214,0.9472259468691389,0.9732553348783344,0.9325115063482861,-4.012999235974899,0.5848116336801055,False,True
