basin,std_obs,NSE,NNSE,MSE,RMSE,MAE,KGE,Pearson-r,low_var_flag,neg_basin_flag
01073000,0.5719339811571569,-7.840268308212117,0.1016232452895068,2.891726718503228,1.700507782547092,1.6506463096256094,-1.9388597105785639,0.5263605955826296,False,True
01078000,0.004984973625852713,-47.429720767609474,0.0202307434569868,0.0012034767231888475,0.03469116203284127,0.033675529371489765,-6.366821539893941,0.2777753888166901,True,True
01139800,0.9456430164745946,-1.0806641039390263,0.3246053338698533,1.860614555163923,1.3640434579455023,1.2383698778659502,-1.5878798090100088,0.7577469692468789,False,True
01162500,1.4017285489034685,-0.43893603298228534,0.410014853393764,2.827283283660885,1.6814527301297784,1.5244059503565233,-0.30329200232166853,0.8159234437546021,False,True
01170100,0.0073746416531355165,-20.95246309223283,0.0435683088120683,0.0011938921583992737,0.03455274458562262,0.03263358325327099,-1.1663077596860338,0.4242642272348126,True,True
01411300,0.18439511412586798,-2.2681681350710794,0.23429255089158918,0.11112280876928168,0.3333508793587947,0.3059527467618798,-0.37655776424142395,0.42192832055980006,False,True
01434025,0.49329044847219516,-0.4847663055942806,0.4024523343497409,0.36129630169529386,0.6010792807070411,0.4917108925573522,-2.986475416344984,0.6325035373802971,False,True
01440400,0.01145941999381803,-1.4025959332772504,0.293893256680889,0.0003155048293893208,0.017762455612592556,0.010323030746053867,0.11141315596744694,0.16291663290738903,False,True
01466500,0.12680552144331358,-144.15593104545405,0.006842007661591256,2.33405515405164,1.5277614846734553,1.5164267444626285,-8.86448287833098,0.4200935924248921,False,True
01484100,0.04503032874455597,-187.13708407832502,0.005287170439753012,0.38149130485406535,0.6176498238112477,0.604950326617447,-6.203875088396944,0.21056906187095378,False,True
01486000,0.2897382795267029,-9.769441083939954,0.08496580193298683,0.9040759545740563,0.9508290879932398,0.9274760160807802,-5.072418477212712,0.472303613540915,False,True
01516500,1.1714554748390007,-1.0067397078118008,0.33258615549656767,2.753864813533388,1.6594772711710721,1.5031999317011175,-1.967059612283243,0.7849775350771058,False,True
01542810,0.5535799228850836,-3.2707550881112617,0.189726136631847,1.3087760187652953,1.144017490585391,1.1060825644144952,-2.240614110142504,0.4909946379638329,False,True
01591400,1.7711727227789522,-0.046079156713215275,0.48873964466085557,3.281605562146285,1.8115202350915887,1.5089059820847457,-0.6582008990186818,0.8520800228884027,False,True
01594950,0.27709779705904575,-3.4778127121589195,0.18255461669588174,0.3438207403886986,0.5863622944807234,0.5567570587583319,-2.888016266923472,0.5009757473733645,False,True
01613050,0.32300200897674763,-2.6212610866205006,0.21639114978705817,0.3778072475895864,0.6146602700594748,0.5840269106513254,-3.6620107023064605,0.5135088229280484,False,True
01620500,0.3583616993990397,-19.189919455945013,0.04719225111162192,2.5928521986487865,1.6102335851201175,1.576274461063329,-3.368244785852248,0.3443954884254165,False,True
01658500,0.4804124452722128,-14.56413711651838,0.06037139109424314,3.5921424198573484,1.89529481080315,1.8619685126001748,-7.506269441497645,0.4474977253433624,False,True
02014000,0.004141553396481093,-17.900740237160488,0.050249387112380285,0.0003241942766202305,0.018005395764054466,0.016308052957073486,-7.408586323003311,0.43400368255191385,True,True
02028500,0.011954534419572836,-1.0016269442171062,0.33315265973560987,0.0002860542944287382,0.01691313969754694,0.012970459851120051,0.23291093651863148,0.4243089108127403,False,True
02038850,0.7130920648890231,-6.81642068331171,0.11342471462289277,3.9746522077353785,1.9936529807705698,1.93968377444047,-8.398577608179142,0.5476283905556424,False,True
02055100,1.0621183036877722,-2.2801097689256093,0.23363886768983955,3.7002763843818576,1.9236102475246533,1.8483386175580283,-2.648604750342042,0.7838262276022098,False,True
02096846,0.782555000100143,-1.5671849103314313,0.2803330988264045,1.5721243441108834,1.253843827639983,1.1964567484125856,-6.544053444044335,0.8282399243114934,False,True
02137727,0.01322786137965635,-1.2567278435012295,0.3070566679360361,0.0003948739258036996,0.01987143492060147,0.0124576262494166,0.1837500876792727,0.5256103247624393,False,True
02140991,0.01489550578448907,-1.169394811610498,0.3155176490908242,0.0004813368440542369,0.02193939023888852,0.015471730701528682,-0.4889796437558933,0.38316428696451954,False,True
02198100,0.09658467424716626,-0.7345773779471747,0.3656872202865556,0.01618117731272726,0.12720525662380175,0.11115674750862474,-1.7454215643312097,0.5651970531767587,False,True
02212600,0.02924020542263453,-0.3840640492694467,0.4194518181281379,0.0011833603860705935,0.03440000561149073,0.027997240431923278,-2.2796230497762084,0.5583795903748023,False,True
02216180,2.081755186617429,-0.17052170236085007,0.46071872900985605,5.072695352650811,2.2522644943813352,2.0332090576544135,-1.0977135160795677,0.8862983294094705,False,True
02361000,1.423736787120914,-0.1740312592936557,0.45997498689365707,2.3797924028023276,1.542657577948628,0.9196196937735018,-0.039118852853666786,0.5929212114396004,False,True
02374500,0.006482397681806576,-0.6835299876461074,0.3726434974096052,7.074442120878345e-05,0.00841097028937705,0.004261064962822539,0.32176491857913225,0.42066120833476944,True,True
02381600,0.5060094399815567,-3.209930052336782,0.19194115659028385,1.0779338698172543,1.0382359413048916,0.9994169859206393,-1.5845366080168715,0.6291280352581857,False,True
02384540,0.4748067424825588,-0.03987892249913472,0.4902251741367381,0.23443180452870044,0.48418158218658053,0.34584741227975385,-1.3041606967772146,0.5451137363880324,False,True
02464146,0.052821756355664315,-0.5695276095198627,0.389176592730544,0.004379198538257296,0.06617551313180198,0.05826115231333998,-5.090250901549166,0.6938694792926743,False,True
02465493,0.05077010731181436,-0.6120323584389642,0.38284364922555275,0.004155180727117593,0.06446069133291694,0.05731150754790091,-1.0065280646963561,0.5770240991784361,False,True
03026500,0.6888062816255076,-1.4408218209291355,0.2906282429149345,1.1580579047045299,1.0761309886368526,1.002749442646427,-1.5006380343430985,0.6856028366667137,False,True
03159540,0.012383746324237641,-3.482341136390379,0.1824038262344267,0.0006873991652018403,0.02621829828958852,0.022109470200563336,-0.5296863003790264,0.50073263205536,False,True
03173000,0.027298534140496388,-0.24757287347378565,0.44492439457788435,0.0009297037388981971,0.030491043584931578,0.01968511891669521,-1.1089375499877145,0.5685226851814038,False,True
03241500,0.030496990123909475,-1.0819782235397564,0.3244669259380639,0.001936378005024199,0.04400429530198386,0.03462143403526268,-46.995057817258825,0.40223870199721456,False,True
03450000,0.9558371219262043,-2.4373427006687303,0.22536010118156863,3.1404408625151468,1.7721289068561425,1.7109105571427832,-3.1310604219367377,0.7999158764917844,False,True
04043050,1.3716006359323183,-0.47406483547089384,0.40419312609067826,2.77314093503128,1.6652750328493129,1.4373746520228614,-0.25642432065126064,0.3809804297874078,False,True
04074950,8.267112496515248,-0.020819233754197475,0.4948488134400026,69.76804266366042,8.352726660418167,7.3355928024324175,0.41986571264325057,0.8980487962996199,False,True
04115265,0.7770444768670554,-0.4865732235776066,0.40215988434124217,0.8975901161959213,0.9474123263901105,0.8585721155939731,-0.3028086199313833,0.6719941910664152,False,True
04122500,11.134674259807328,-0.5978767250992714,0.3849297352482295,198.1063077116049,14.075024252611605,11.96242832154587,0.2837974856409857,0.7633040872483196,False,True
04124000,10.80207917445045,-1.1012209673354598,0.3224536434303779,245.18078890043637,15.658249867096782,14.39160092920259,0.4314308017471702,0.8233323028421301,False,True
04127997,3.046290327010841,-0.8293478606937974,0.3534383360534485,16.97613732667816,4.120210835221683,3.602899956740468,0.28143063236493315,0.8441495192566493,False,True
05062500,0.03025498769476011,-0.32855187129664776,0.4294514596503932,0.0012161089276569287,0.03487275337074675,0.022504081006062576,-4.38115849189865,0.3535185813230224,False,True
05120500,0.01861143057456143,-0.06385126258140095,0.484531040647392,0.0003685024898432433,0.019196418672326444,0.008255766337198114,-1.8355425198196094,0.11640710962329168,False,True
05123400,1.1520655070184243,-0.3928599922473781,0.4179099501182258,1.8486802949387855,1.3596618310958006,0.9244872398144384,-0.02028628569906621,0.6146579646602376,False,True
05129115,10.711109207203524,-0.5200136513799256,0.3968232471488452,174.38791407554402,13.205601617326794,12.031260595420763,0.41937609817107646,0.8530344487228704,False,True
05131500,0.015109445779620324,-8.02118948771684,0.09978855316783689,0.002059495627457663,0.04538166620407037,0.03535234046566446,-22.900667481969936,0.28948552259325105,False,True
05362000,9.706302287218811,-0.3896351318721196,0.4184739279492291,130.92072761929117,11.44205958817254,9.72700696013497,0.2598190522635121,0.852611112759262,False,True
06191500,1.7831540213863697,-0.038486853820027145,0.4905599455429638,3.3020125370529905,1.8171440606217744,1.3571486170205842,-0.1056393584338613,0.5934484336804488,False,True
06280300,0.0037125440810362093,-44.75955046225492,0.021386005428072206,0.0006307031314430816,0.025113803603657524,0.023891658778528734,-12.823167060273628,0.17668156505467433,True,True
06311000,0.6827772051373832,-6.228944679932589,0.12152226547817696,3.3700234926316726,1.8357623736833895,1.766383540895975,-3.9272057012332464,0.42226417870215643,False,True
06332515,1.1227621962513294,-2.6457943072052905,0.2152484449105016,4.595869889963097,2.14379800586788,2.0172512959946185,-13.19749556837744,0.6643891664179636,False,True
06339100,1.7987426201595986,-1.2507719847528636,0.30761923773500954,7.282316517930644,2.698576757835627,2.505037934003567,-4.639415709933034,0.8027329682602822,False,True
06339500,0.009292393223263444,-0.38065706351975725,0.4200521004573076,0.00011921776560226155,0.010918688822485123,0.006232241742897382,-6.445535970431955,0.19543473811888545,True,True
06344600,1.1648912112374286,-4.209389786309088,0.16104642072959768,7.068993649626604,2.658757914821619,2.5683757560558234,-7.910973427906654,0.5953345155133353,False,True
06350000,0.04398598862252987,-0.004496666382166392,0.4988783552356108,0.0019434671977048576,0.04408477285531658,0.004409036841249936,-9.36552264266816,0.05965920457775013,False,True
06404000,1.8136565377385365,-0.33607372377275313,0.4280686820041803,4.394814152568623,2.0963812040200662,1.9246542096198724,-3.275748361282157,0.8684864914685773,False,True
06408700,0.15957901998441215,-13.352165101007255,0.06513739224537066,0.36548453823624283,0.6045531723812578,0.5936462173605771,-5.643823247451355,0.34342272006478325,False,True
06479215,0.914670828511991,-3.945560702665868,0.16819271554180254,4.137568469396837,2.0341013911299597,1.9156915285499077,-2.3507148959553663,0.4350808709709591,False,True
06614800,0.1710508162602029,-4.8475529726889945,0.14603757049977312,0.17108993713899628,0.41363019369842463,0.4045549165831278,-5.310871817968494,0.5050239430518435,False,True
06746095,0.0714613547758494,-0.0011804038534894978,0.49970507310305046,0.00511275322453577,0.07150351896610242,0.05725353312330815,-0.16790157453440835,0.3274686102225618,False,True
06847900,0.017131668093732056,-0.858690878571585,0.3498104700637218,0.0005455147167611039,0.023356256480033435,0.016078662998141303,-59.545852271642005,0.14012080764088458,False,True
06879650,0.8999296857808359,-3.21253156694213,0.191845360964718,3.411617428488157,1.8470564226596211,1.7808985402528463,-20.966005336638528,0.8245928784858466,False,True
07014500,0.06057612235666664,-0.09095154845465458,0.4782511583011396,0.004003210269021551,0.06327092751826506,0.023349014108678713,-1.047943702399639,0.2820739769768205,False,True
07057500,0.02197270025669151,-1.6605275248700746,0.27318466893251775,0.0012845015092506457,0.03583994293034862,0.009849551291337758,-0.27863762790814883,0.4299013267350938,False,True
07068000,0.03311355843502758,-1.8480877189763412,0.25986933589601685,0.003122950262888576,0.05588336302414679,0.031199633807200207,-1.8260918421256513,0.20930674796123824,False,True
07142300,0.37703549148388377,-8.245640012201612,0.09760249226100978,1.314320999618981,1.1464383976555308,1.1194980150729852,-4.417130240120696,0.35509878551396845,False,True
07180500,0.013615273534355384,-1.0103247591192126,0.33219007250652544,0.0003726653060052113,0.019304541072121123,0.014854926899791503,-11.94102349328766,0.48588051235951696,False,True
07184000,0.00034239513203574974,-2745.8559103071725,0.0003639201008499073,0.00032202607716307074,0.017945085041957052,0.010140447666907889,-1481.8333336241813,0.261169178332699,True,True
07195800,1.8564633046412093,-0.17479417991447632,0.45981362707128676,4.04887645186927,2.0121820126095127,1.7466704563094764,-2.3069464031733307,0.9144643010831717,False,True
07208500,0.22740458861864968,-73.33552903439646,0.013273949394361101,3.8441018340310555,1.9606381190905822,1.9473531871397172,-53.470354429568175,0.25030605053550165,False,True
07292500,0.003339854037426359,-100.4865585376166,0.009757377106510612,0.0011320445021460632,0.03364586902052113,0.01280797292144155,-10.433382060271056,0.23604321290831204,True,True
07301410,0.10535004107689389,-1.5962914294357833,0.27806422800303715,0.028815280945944224,0.1697506434330787,0.14562152530438804,-5.122223804017802,0.33255158161148024,False,True
08079600,0.5870657098804576,-12.16946306257656,0.07057430444496753,4.538804712024203,2.130447068580725,2.085007755472724,-31.61349004723281,0.610359789996378,False,True
08082700,0.4317234996941226,-0.11607513110177003,0.47257301279247743,0.20801986441390657,0.4560919473241186,0.3496196663359077,-4.035044107086674,0.7360725020235056,False,True
08103900,1.5588637590435306,-0.6149198730315935,0.38242089568911164,3.9243460810659063,1.9809962344905925,1.8205205535364266,-8.470411636836566,0.8741165388264784,False,True
08158810,2.0504894898736055,-0.04918652286899072,0.48799852470234717,4.411312235074096,2.1003124136837585,1.496972877573992,-5.138371245605077,0.8454360063647403,False,True
08164000,0.030998732910298046,-4.613149245863115,0.1512138865799157,0.005393795467742949,0.0734424636551835,0.04146722430520223,-1.8506363394382856,0.3091365126649887,False,True
08171300,0.030864131557791784,-0.38189385084768723,0.41983399035356345,0.001316384643329577,0.03628201542540845,0.02851434012766707,-0.598755382577346,0.2951389178720486,False,True
08194200,0.07386319327279428,-0.35348246677831985,0.4249022519249524,0.007384290824986712,0.08593189643541396,0.04738757208840189,-37.570600465362816,0.19442251630021626,False,True
08267500,0.015538872568228003,-1.6331869778762278,0.27524044484617965,0.0006358002713359778,0.025215080236556414,0.022863736858211334,-0.8021007349247173,0.23283944749468968,False,True
08269000,0.536366064792815,-9.080964651877059,0.090244850643992,2.900178158355243,1.7029909448835139,1.666242311374887,-6.175252740750519,0.5177233932809839,False,True
08271000,0.44338547661061134,-10.819868583544668,0.0780039197346828,2.323676012623737,1.5243608538084863,1.500075790921412,-6.541357206505906,0.48271693196856913,False,True
08380500,0.0016370658380737775,-53.37111373210719,0.01805995820922319,0.00014571374521354165,0.012071194854426866,0.01134974928657708,-1351.7266842529903,0.037068357931057304,True,True
09034900,0.01887479411058415,-42.70148148765939,0.022370623225900624,0.01556899595534273,0.12477578272783037,0.1235247974108991,-22.645522786651753,0.28504092739212855,False,True
09306242,0.029336874515129573,-4881.162964721321,0.0002047853014991625,4.20184432718391,2.0498400735627915,2.0399996688551103,-154.17255716540373,-0.1324408863103115,False,True
09312600,0.18581487404812647,-126.54005636333414,0.007779676065905698,4.403596878496915,2.0984748934635635,2.0829244765967854,-22.55465273418256,-0.08529943893439498,False,True
09352900,0.032092987847940325,-0.6253938053542913,0.38089523863451485,0.0016740903908491946,0.04091564970581788,0.03520591437123623,-0.6635294142483597,0.6366135680889624,False,True
09378170,0.14332943140728566,-0.33299446390318455,0.4286336789359387,0.02738413970490409,0.16548153886432193,0.12710634647153274,-2.052366608396019,0.2014771623140372,False,True
09378630,0.10629688467127221,-20.338583059906682,0.04476559669511005,0.24110524087670004,0.4910246845899909,0.4866582262063977,-20.56099185739064,0.2589994383857231,False,True
09386900,0.06576887766446417,-1018.2463283416316,0.0009801554509149362,4.408796133751699,2.0997133456145147,2.0894845746230826,-54.89562955776921,-0.03830048760384973,False,True
09404450,0.6316102145271915,-7.611933242624325,0.10403734345193727,3.43557112855732,1.8535293708375165,1.828711164080758,-5.231932871836014,0.5471028776980182,False,True
09430600,0.9068341628624733,-3.231918583768029,0.19113447275393183,3.480110625399006,1.8655054611013622,1.7959651571659054,-5.2449767718017375,0.8277283234227372,False,True
09447800,1.582936270419768,-1.2438866166340707,0.30827218031363324,5.622478054803431,2.3711765127892592,2.3372869666569676,-12.233281870588238,0.9456457678264705,False,True
09480000,0.9506939608326588,-3.7641566991976347,0.1734859151450895,4.305935377841044,2.0750747884934277,2.027713755797619,-17.98223181795792,0.9088521931332753,False,True
09484000,1.688438755267226,-0.5344514577637396,0.3945626959777501,4.374453237335882,2.091519360975624,1.9671092274437854,-4.135897210828821,0.919538785597285,False,True
09484600,1.5951559944444926,-0.9965002453852734,0.33372264912710714,5.080140088349639,2.2539166107799193,2.194358748727271,-15.589345710831282,0.9149552222320687,False,True
09492400,1.3814409857838572,-0.31037353089877384,0.432830443487198,2.500689586933285,1.581356881584067,1.4437589607327004,-1.196183425281148,0.8820112523257583,False,True
09505200,0.13638157826350444,-0.021622447394755273,0.4946522043661961,0.019002111003341593,0.1378481447221601,0.04480346661388237,-27.810163912687305,0.6493608933491173,False,True
09512280,1.0191031575031686,-3.3600481927591552,0.18656548673403567,4.5282206825734725,2.1279616261985255,2.0635413461856804,-25.894656019471302,0.8358815508302997,False,True
09513780,1.355433074097657,-1.7255924588820712,0.2684136848129834,5.007455244783138,2.2377343999642,2.1106718533985744,-13.947932960439369,0.8767997973599453,False,True
10023000,0.4522712635647541,-14.902057203612115,0.05916439566813744,3.2527546035089734,1.8035394654703216,1.7677960051148391,-4.522282804637377,0.27881527938106737,False,True
10166430,0.26839953066516237,-43.367007142948076,0.02204245029541125,3.1961241283206783,1.7877707146948902,1.7702904102758499,-8.633954617546395,0.15140739365048497,False,True
10172700,0.04605426605748588,-1604.147479557044,0.0006226078319257381,3.404510455925725,1.8451315551812897,1.835255570781551,-29.57515058960826,-0.15496585389772388,False,True
10172800,0.18904978035822292,-41.448722770977035,0.0230156362770687,1.5171096878660675,1.231710066479148,1.2194686685840588,-11.073636192857109,0.2094065707790063,False,True
10205030,0.461804452459795,-6.019583326386355,0.12469475773258192,1.4970198720164054,1.2235276343493044,1.185612135791288,-2.619032688699472,0.3115086783898122,False,True
10242000,0.005706232876400874,-33.68085643074554,0.02802623311301234,0.0011292466137471286,0.03360426481485838,0.033017911613065186,-45.51290835980919,0.1265017314546963,True,True
10244950,0.029876464861432365,-2697.9860964811332,0.0003703722775844256,2.4091234985868986,1.5521351418568226,1.5458000861358667,-61.77345217666463,-0.24248408539753272,False,True
10249300,0.2528444334268237,-34.61116125230651,0.02731407488302491,2.276632489823768,1.5088513809596251,1.4855497302463678,-8.188753366367424,0.15227003936347955,False,True
10258000,0.602422447643712,-4.566474444014517,0.15228872182873132,2.0201448568041034,1.4213179998874648,1.376020276848618,-9.551673229185194,0.6624775437268607,False,True
10258500,1.6710423498540574,-0.6802958603143447,0.37309314050230263,4.692028813984271,2.16610914175262,2.118584291723547,-18.935311487138794,0.9457061238548614,False,True
10259200,0.0018813203329935174,-802.5518129711445,0.0012429280300880576,0.002844064123030092,0.05332976770088252,0.052390364625660865,-3874.113988082465,0.5217574220522736,True,True
10263500,0.4689702651948348,-9.768034030631625,0.08497596092916185,2.3682472090329227,1.5389110464977898,1.4949058853016965,-4.477604701227514,0.465692225287746,False,True
10310500,0.4425503565928473,-10.993990350824605,0.07695865342369902,2.3490328227378576,1.532655480771154,1.5042935473466248,-5.295255679226854,0.394615269332654,False,True
10348850,0.6256559173941547,-0.6119016360857727,0.3828628100630206,0.6309713629815913,0.7943370587990914,0.7142329183420477,-0.9209283480911103,0.6932465113367765,False,True
11098000,0.06291729870446466,-0.22852244390811682,0.44872781188881333,0.004863212332244947,0.06973673588751446,0.04949803594233852,-14.812276273303803,0.7452376399120766,False,True
11151300,0.0005818957095809165,-1146.4465505656863,0.0008707414372113648,0.00038852840469258176,0.019711123882026154,0.019512667883338608,-3489.6214640790045,0.06435663024281862,True,True
11176400,0.016219204627256463,-0.6294373761105982,0.38030949475555736,0.0004286440306450728,0.02070372021268334,0.016023724308105877,-18.401086371462547,0.5646693804604401,False,True
11180500,0.6354109810500282,-9.629713887887316,0.08598663816153972,4.291716313798122,2.0716457983444276,2.0245456467087704,-31.174560242757472,0.5175342945703456,False,True
11180960,0.438293422708853,-19.83210571637727,0.045804102132477945,4.001870931524115,2.000467678200304,1.9683358822214998,-35.344630962725944,0.4058482205640612,False,True
11224500,0.023676990569064856,-28.880279354866182,0.03238312673626827,0.0167508810926438,0.12942519496853694,0.12400509231260994,-93.50309351146647,0.20502535916242273,False,True
11274500,0.008167022148338855,-1.2573512783582466,0.306997899380387,0.00015056589634576496,0.012270529587013143,0.010616983446504476,-8.982632354642524,0.41957767489280823,True,True
11274630,1.3381328296120614,-2.1718655403116713,0.23970091805147012,5.679540754396051,2.3831787080275895,2.2721512169810922,-9.849802563051272,0.7692649919807266,False,True
11284400,2.1399378756518574,-0.2500266723086224,0.44443917590272736,5.724289780974442,2.39254880430357,1.9873122054950503,-4.201239122267924,0.8810587869960513,False,True
11299600,1.5649962093601217,-0.43012796074361614,0.41150096462163305,3.502688186629586,1.8715470035854258,1.5906609933700044,-3.543902906625563,0.810331889548873,False,True
12073500,0.6072880699887023,-0.32069064588912144,0.4309062053451213,0.4870691253098948,0.6979033782049595,0.6044073910614267,-0.40732586310544194,0.6273792254250412,False,True
12374250,0.009882490770544487,-1271.2660937349237,0.0007853817869811164,0.12425411719005999,0.35249697472469177,0.3267360569279168,-38.29059096184489,-0.444128282673637,True,True
12375900,0.7479773831032251,-2.418846878631185,0.22630338354466076,1.912742829464898,1.3830194609855995,1.2839321509909576,-1.2717843684483512,0.13896743853256435,False,True
13011500,26.39118677869437,-0.917778155265208,0.34272653601010533,1335.7223968388666,36.54753612541982,32.383600235622254,0.2885158224476392,0.878748080076332,False,True
13083000,0.2975182280176595,-44.01677445935905,0.021731205886305154,3.98475414655404,1.9961848978874779,1.9539504582166733,-6.19005039562705,-0.1401848308188345,False,True
13338500,0.05581799087457593,-0.08562075955484882,0.47947355501651134,0.003382412262553448,0.05815850980341095,0.020339896948455546,-0.6972648411907645,0.18348595798714146,False,True
14020000,0.040222592500700524,-0.13887731874279896,0.46753499662513853,0.0018425405824524824,0.04292482478068469,0.023841040176188245,-4.586489351775325,0.282883036356691,False,True
14138800,0.7379197725067119,-0.07569456491317905,0.4817664491219726,0.5857432183251822,0.7653386298398782,0.44488888780665564,-0.1401654854109844,0.7174367096568667,False,True
14362250,0.560039049862738,-4.150741031258178,0.162582036037281,1.6154976672747894,1.2710222922021428,1.2306549896837715,-5.930995666164391,0.30043657409994845,False,True
