basin,std_obs,NSE,NNSE,MSE,RMSE,MAE,KGE,Pearson-r,low_var_flag,neg_basin_flag
01052500,3.504661679757918,-0.10894371253339274,0.4741710241278742,13.620771360477882,3.6906329213940907,2.3181816660195924,0.2806388520203431,0.3186155759992818,False,True
01055000,0.13454440772200457,-0.3126994717415963,0.4323951348710873,0.023762745291552128,0.15415169571416373,0.12485257199663714,-0.7126315794449027,0.5391276143134508,False,True
01078000,0.004984973625852713,-492.84845024423356,0.0020208207169416167,0.01227211524724134,0.11077957955887602,0.09959929441299667,-22.408569536674722,0.3161595472269527,True,True
01170100,0.0073746416531355165,-120.04628641584972,0.008193612680624206,0.006583143383412311,0.08113657241597226,0.0718560282145808,-5.360133143639028,0.5715495906257074,True,True
01195100,0.009691993439698808,-1.3175426400143935,0.3014279267848872,0.00021769775799402498,0.01475458430434504,0.010350366790747623,-6.534409939996038,0.2769774952224504,True,True
01411300,0.18439511503638875,-0.06350318232459262,0.4846127733486084,0.03616076561480815,0.1901598422769859,0.11703320230501282,0.41556289866766705,0.44794392900026436,False,True
01440400,0.01145941999381803,-72.53320158083345,0.013416839459331028,0.009656255510082973,0.09826624807166992,0.08518270724462447,-3.17799728417559,0.4186545217097365,False,True
01484100,0.04503032874455597,-1.4299861246214967,0.29154636889685703,0.004927356996099678,0.07019513513128725,0.04234461093713195,0.13099141416489724,0.3373438057491829,False,True
01586610,0.07131865657152756,-0.056491282937271015,0.48626512949362344,0.005373685255925685,0.07330542446453527,0.03363298465323662,-1.1357966627629192,0.33952045112728113,False,True
01605500,0.31618322134689775,-0.04535118751379197,0.4889135939611137,0.10450567064529763,0.32327336828959113,0.18304092740267136,0.3146451941408638,0.3744944352838188,False,True
01620500,0.35836170076010965,-0.03888934693029933,0.4904631050751111,0.13341739939478983,0.36526346572685015,0.2694526638610864,0.2522142729401786,0.40719948768427877,False,True
01644000,0.059675161988807485,-0.1368749496388948,0.4679731025762586,0.004048553757727912,0.06362824653978696,0.03951765062580813,-1.9244353220168184,0.43809218633524616,False,True
02014000,0.004141553396481093,-119.56457141898453,0.008226080907679914,0.0020679795355506066,0.04547504299668783,0.03500514554579742,-17.763605423317657,0.3526612811272254,True,True
02028500,0.011954534419572836,-5.388875925368202,0.13533858331098828,0.000913039964966482,0.030216551175911554,0.019520580714215578,-0.7990430971769702,0.3381769443965922,False,True
02053800,0.08650568730584465,-0.007173421504367505,0.49821305388276044,0.007536914327497128,0.08681540374551701,0.05112611479690245,0.47652245303845564,0.5812860370661687,False,True
02074500,0.02933944501014545,-1.0881750637384862,0.32381583924501317,0.0017975074293521377,0.04239702146793024,0.027847069057599313,-1.9566659234892643,0.24483059369135637,False,True
02108000,0.021899176343657303,-0.6660241708985624,0.37509037274142865,0.0007989817500006621,0.028266265229079383,0.015704631079197055,-0.0660694832037354,0.31950822079011293,False,True
02128000,0.07263169332665577,-0.015023413007514641,0.49627214926870467,0.0053546168307404786,0.0731752473910439,0.031728147233188043,-9.645655255306286,0.3572331151699482,False,True
02137727,0.01322786137965635,-13.981511815198086,0.06257230301885587,0.002621409755712333,0.05119970464477635,0.028135896119490522,-2.1246725295925617,0.48611387377453563,False,True
02140991,0.01489550578448907,-6.833876384024405,0.1132005878878322,0.0017381498818087602,0.04169112473667219,0.026333543230361755,-1.6888794439684403,0.31114988984188713,False,True
02177000,0.05351513734874234,-16.569818278189953,0.053850823148575935,0.050317674162613485,0.2243160140574308,0.20541636777446082,-1.5862430053559988,0.4512566671047613,False,True
02196000,0.04220425690693713,-0.8307973440602716,0.3532573612513283,0.003261014949635019,0.05710529703657113,0.0393637393223228,-6.464594111484922,0.3200478010395178,False,True
02212600,0.02924020546115091,-0.6970023923952446,0.37078202185497,0.0014509194228244024,0.03809093622929741,0.023987559215737284,-1.4375861516668444,0.4172791907935571,False,True
02221525,0.0790115025023723,-0.027507790245384633,0.4932163539943648,0.006414543642774081,0.08009084618590367,0.049036579215809305,-0.9011287605706271,0.5110422136778822,False,True
02231000,0.04999375602488386,-0.4347582875729845,0.4107183883936257,0.003585999915365177,0.05988321897965387,0.036624379622422445,-0.05221387237715569,0.2546679427357165,False,True
02235200,1.6556586296645495,-0.14052560420626348,0.4671749770406572,3.1264150568402433,1.7681671461828046,1.0461595772741548,-0.02072458493196061,0.33514677712917385,False,True
02361000,1.4237367822225555,-0.009288067680059742,0.4976887167575768,2.0458535836786025,1.430333382005259,0.8774009727898879,0.23806608680257146,0.4957738223350567,False,True
02374500,0.006482397681806576,-11.429539330432036,0.07446271799762691,0.0005223076347173835,0.02285405072886169,0.015017775607537814,-1.607751748666678,0.3406097376643743,True,True
02422500,0.039671671765276875,-0.8307146019373928,0.3532676870058118,0.0028812546896070145,0.05367732006729671,0.03539586660993699,-6.05231860211339,0.2913571776612958,False,True
02464146,0.05282175647516257,-0.14587494776928867,0.4660103800734216,0.0031971491858855698,0.056543339005452886,0.03731838633961358,-2.720272235421041,0.4922922556195624,False,True
02465493,0.050770107179534125,-0.1106553743296923,0.473786489335135,0.0028628294945052444,0.053505415562401196,0.03575921780292432,-0.17734861683849057,0.5859777710698527,False,True
03066000,0.056408066289040666,-1.74300272202405,0.2671651810766636,0.008727877913318442,0.09342311230802816,0.0656714142000842,-4.001517123499815,0.3648409425161032,False,True
03159540,0.012383746324237641,-20.904816455191533,0.04365893968005769,0.0033592607271573827,0.05795912979986313,0.03967589485456901,-2.943462142424223,0.6122650254482186,False,True
03241500,0.030496990297004353,-2.5770048780430352,0.2184834901088339,0.0033268521111410503,0.05767887057789057,0.041262190339463996,-55.964964699137205,0.3388505993099514,False,True
03280700,0.05383633574721751,-0.672397365971549,0.37419584854157734,0.004847194656140438,0.06962179727743631,0.057450588529441536,-2.482195232894249,0.5954319037618927,False,True
03479000,0.03442622137948258,-8.137734982478037,0.09864136335467344,0.010829721107954226,0.10406594595713925,0.09857524216608216,-5.043160422534364,0.5009504075612946,False,True
04024430,27.47070363191839,-0.04070978502231104,0.49002558195165763,785.360772209537,28.024288968848737,11.447742911582226,-0.18910209201038275,0.6215284579832939,False,True
04043050,1.3716006350690084,-0.16338665348356152,0.46223822190534675,2.188665702043145,1.4794139725050406,0.8992823941867555,-0.08939388938662729,0.5140511999043086,False,True
04057800,0.1538200389553778,-0.09911110911391519,0.4763921241034849,0.026005633127060935,0.161262621605445,0.09598222555112552,-0.04708198336867664,0.5738301856218317,False,True
04063700,0.006272409328713661,-4.54603348897031,0.15276426582371486,0.00021819825435287382,0.014771535274062537,0.012183571268811895,-1.1075698240942633,0.25943724389485523,True,True
04122200,0.40444480950038336,-0.27570503979523364,0.43942425864205115,0.20867422232334812,0.45680873713551945,0.33714555320420986,0.19705815253800563,0.4907823694611976,False,True
04124000,10.802079173300712,-0.07800140368210129,0.4812316287313648,125.78650158315094,11.215458153064944,8.87098506878278,0.43679146880608255,0.5886333753761089,False,True
04127997,3.046290329403169,-0.10491161144132244,0.47507933091559007,10.253452436332267,3.2021012532916986,2.5104731041913793,0.4198144927161439,0.5577563712562206,False,True
05056000,9.611675234572544,-0.3041877775776267,0.4339924070994299,120.48647596284104,10.976633179752389,8.51194897849003,-0.08518056061294565,0.2713254540112989,False,True
05062500,0.030254986849222277,-0.1799512815686939,0.4587258478916096,0.0010800851954016807,0.0328646496315065,0.015292316853091452,-1.2938971927103133,0.21666628903853188,False,True
05120500,0.01861143057456143,-1.3723996406602441,0.2965247617581353,0.0008217644752004261,0.0286664346440297,0.021982668913805705,-9.807151229566665,0.22071669459492804,False,True
05123400,1.1520655025648376,-4.808569954931042,0.14687372041698118,7.709453063625096,2.7765901864742473,2.5648572542936443,-0.6760466915423979,0.39347067793177803,False,True
05131500,0.015109445779620324,-2.5183382454553773,0.22132030531486158,0.0008032202673825327,0.028341140897686752,0.019286741486806126,-2.595575567641128,0.13164159573483275,False,True
05362000,9.70630229513701,-0.0015247226741885722,0.49961910970748546,94.35595188105125,9.71369918625501,7.239538028746929,0.3827440665922883,0.6341240266495982,False,True
05393500,3.144974447028743,-0.051775647194229224,0.48738272206685185,10.402970171480836,3.2253635719839147,2.0850345506554793,0.1523045643676182,0.5440572014918732,False,True
05489000,0.05362235329500716,-0.02944610212600063,0.4927452859932684,0.0029600248220779065,0.054406110153896375,0.01521265896263923,-2.086920252150816,0.12484456450036478,False,True
05525500,0.051899691932501386,-0.001911377560456895,0.4995226118443899,0.0026987264672784566,0.05194926820734298,0.015687949609103007,-1.9127538950402578,0.18997051811400478,False,True
06037500,9.768857585996372,-0.08435441274288236,0.47976485855112394,103.48056894555268,10.172539945635636,7.427389506867133,0.45846174744226376,0.6073182150994205,False,True
06280300,0.0037125440810362093,-883.0605910053577,0.0011298661472025102,0.012184992586245443,0.1103856538968966,0.10816982192200783,-65.14304230267376,-0.0704500143450337,True,True
06289000,0.13270972416888255,-0.5196040769561208,0.3968877527806188,0.02676307080572018,0.16359422607696208,0.11634909071111461,-0.20343513545159309,0.3470001088972391,False,True
06339500,0.009292393223263444,-3.87853150863177,0.17011051119342394,0.00042125422832850116,0.020524478758996566,0.017008735747085068,-18.044723747110158,0.10314929057371999,True,True
06344600,1.164891214420617,-0.025494664041830317,0.4937065585769166,1.3915670749975328,1.17964701288035,0.27601302814943457,-0.5125025614279886,0.326154164730209,False,True
06350000,0.04398598862252987,-0.21868586239786647,0.4507172542755738,0.002357873427701162,0.0485579388741034,0.02014422886602808,-49.31170474432471,0.0462054034749346,False,True
06352000,0.16581338544366367,-0.18958355791950887,0.4567078503960711,0.03270650407145043,0.18084939610474354,0.08344318272064817,-0.7004272103553357,0.2705161744036761,False,True
06353000,7.555658528847733,-2.597046795641608,0.21753095942988554,205.34812043742036,14.329972799605041,10.980957137892139,-1.6797857658106161,0.40899228513997166,False,True
06408700,0.15957902081390676,-0.19879628016807227,0.4547942931409551,0.03052790337680402,0.17472236083799927,0.09637221990806254,-0.42201030029163333,0.42563270875457415,False,True
06450500,0.06505471962035579,-0.08574177126800708,0.47944573665610546,0.004594985713654021,0.0677863239426215,0.02281143304786757,-1.6866094230366708,0.1280174077096668,False,True
06468170,6.782060910985787,-0.4142476131380304,0.4142077202678492,65.05022848386545,8.065372185080205,5.2695725282476005,-0.29899759857823915,0.22060300711489414,False,True
06468250,8.052503534761238,-0.3610168358978121,0.42354632326022146,88.2521604213393,9.39426210094967,5.971434900128876,-0.06729582740593676,0.335408146322245,False,True
06470800,0.07468903315640261,-0.009852219880364776,0.49754901883260066,0.005633411806320853,0.07505605775899006,0.031755673658546445,-0.6254437496395464,0.3864582213441387,False,True
06479215,0.9146708285713719,-0.17702418617675386,0.45934262299408807,0.9847251816057153,0.9923332008986272,0.5006692298290659,-0.3410416955737374,0.2756218336598556,False,True
06479438,4.245832965445173,-0.06312591340020224,0.48470139098389653,19.165074570550864,4.377793344888594,1.8532207504998341,-0.31305517198881105,0.3359620753982543,False,True
06746095,0.0714613547758494,-0.023418507875292205,0.4942131329272353,0.005226317111331213,0.07229327154951014,0.04302662081292187,-0.032992408265406725,0.28391357471412504,False,True
06784000,19.256899698310285,-1.0989703112812301,0.3226878283924452,778.357352980927,27.8990564890809,22.775497588952568,-2.447684811362859,0.522300179765863,False,True
06847900,0.017131668173072913,-4.956847919442348,0.14374326010567134,0.001748299447275349,0.04181267089382534,0.021946178630270124,-25.738583857600034,0.14399195781551866,False,True
07057500,0.021972700601643046,-1.4141104731153367,0.292902062740668,0.0011655315025276517,0.03413988140763895,0.02387274138421667,-1.8134839745733102,0.3927281017377406,False,True
07068000,0.0331135588746778,-0.36134483828539876,0.423487490597143,0.0014927252082761761,0.03863580215649956,0.02021187405226471,-0.0004100855115489743,0.27351192598522867,False,True
07083000,1.2648703291290484,-5.672595818081966,0.13033398652947484,10.675465694669374,3.267333116575256,3.040893423213976,-0.13073768392504204,0.37300443658085913,False,True
07142300,0.37703549228911554,-4.771779275589007,0.14767167671941292,0.8204916835896207,0.9058099599748397,0.8447085198546372,-3.0512781301045537,0.4152795728052072,False,True
07148400,12.93867833480914,-0.9629381986468026,0.33750282083396405,328.6143002851317,18.127721872456334,12.572000432746902,-2.6208390939025006,0.495757261210459,False,True
07149000,11.19111791030746,-0.15648797343888643,0.4637169380570809,144.8398491553161,12.034942839719518,6.378868854163151,-0.283703429936764,0.6033509820870129,False,True
07180500,0.013615273174857875,-0.8982626172058636,0.3450342953959337,0.000351891692400973,0.018758776410016005,0.012016880626483132,-1.3127898132207942,0.3257605174158516,False,True
07184000,0.00034239513203574974,-5276.816578239745,0.00018943639832499286,0.0006187417994148464,0.024874521089155593,0.015230926337700696,-781.0097116835856,0.2220531050974134,True,True
07208500,0.2274045886948886,-0.4174849005043979,0.4136530489978879,0.07330217972717393,0.270743752886699,0.13009272479268452,-1.3609739199069955,0.009875753441291555,False,True
07226500,4.2398368143325245,-24.545476196687925,0.037671202151000394,459.2110033544883,21.42920911640204,17.60857314845765,-47.43852299229354,0.2095529534988355,False,True
07292500,0.003339854037426359,-65.25847113236394,0.014868015629317695,0.0007390883979792679,0.02718618027563394,0.01932668559309527,-13.965329172089257,0.3265741281417291,True,True
07301410,0.10535004140764466,-0.2487627475601326,0.44468897445272165,0.013859557222178739,0.11772662070313043,0.07291754234247896,-1.624715565901985,0.3574005271942718,False,True
07301500,12.827050979434869,-7.530332058737338,0.10492813826808976,1403.523144850421,37.46362428877405,33.41892428923343,-7.5841344519905665,0.23958013532812886,False,True
08079600,0.5870657098041253,-0.2297919132346109,0.44847234132684893,0.42384304528015676,0.6510322920409991,0.18055115405985672,-1.115089844998805,0.2621996980278254,False,True
08104900,2.577931661940284,-0.0691828866378581,0.4832825587615721,7.105502553253195,2.6656148546354546,1.4107485118168916,0.03670463333942542,0.39613277254204937,False,True
08164000,0.030998733347810125,-25.520608871939483,0.03633640536999958,0.025484222440470838,0.15963778512767846,0.11626934413037786,-6.868272494436747,0.2326106335971818,False,True
08171300,0.030864131557791784,-6.554574657789252,0.11689651911442066,0.007196447151349744,0.08483187579766077,0.05259750123240844,-2.5514467941140757,0.12077458516351947,False,True
08190500,0.04846534180893126,-0.11774718157068009,0.47219989652321254,0.0026254644582242156,0.051239286277466975,0.021122878227564455,-0.8585019395886047,0.24989098050925396,False,True
08194200,0.07386319289921549,-0.8216383982820301,0.3544040230700204,0.009938442429053587,0.0996917370149281,0.059351372992989294,-47.66407104659863,0.04806538579871857,False,True
08202700,0.06345403085675015,-0.015107354880142587,0.49625147641797945,0.004087242497644748,0.063931545403226,0.02232821795097196,0.18848137488255678,0.2905832239610371,False,True
08267500,0.015538872568228003,-8.054023458795898,0.09946266826393134,0.002186153364782182,0.046756318982381216,0.03783244676722938,-1.91567811040886,0.0662992989305103,False,True
08269000,0.5363660649598964,-2.7728476808753766,0.2095185237121568,1.0854050999628877,1.0418277688576398,0.7810673925220765,-2.18150363622604,0.4228581134101194,False,True
08324000,3.3930641870556415,-3.8796270120339758,0.170078815876122,56.17858257069864,7.495237325842234,4.597751654503959,-1.026838499165744,0.3284296407852312,False,True
08380500,0.0016370658380737775,-945.7523324961762,0.0010551279756455091,0.002537281631518412,0.05037143666323616,0.046232605242170134,-5514.621212158578,0.017456992501727418,True,True
09034900,0.018874794432544712,-122.11460916044797,0.008057069242406909,0.043860547793906794,0.2094290996827012,0.1711960351495094,-32.3254932884565,0.2561303278134262,False,True
09035900,1.3221864157622836,-0.021393133714343815,0.4947083193868791,1.7855759005899807,1.336254429586664,0.7180772722738312,-0.1292002943652395,0.46046919772373135,False,True
09066000,0.16532947270323073,-1.7113930865641787,0.26944060536733655,0.07411277001278092,0.2722366066729104,0.1947663483176655,-0.9590328005049846,0.3898919128003361,False,True
09306242,0.029336874515129573,-0.9228007462648609,0.34213758884451206,0.0016548627045797864,0.04068000374360586,0.029836225170221744,-0.9335446934498255,0.263504538802654,False,True
09352900,0.032092987847940325,-68.36921854700752,0.01421075891772178,0.07144751124786634,0.26729667272127866,0.2350991495473993,-11.843442331065638,0.5906078779377417,False,True
09378170,0.14332943185219338,-0.059763073515857634,0.48549273110964003,0.02177105833916682,0.14755018922104715,0.04688600320849594,-0.8916553131307379,0.28042390731063044,False,True
09378630,0.10629688516548169,-0.08263274426062006,0.48016147002193693,0.012232697470134488,0.11060152562299712,0.0409214630284159,-1.1110461442151802,0.26257051979408336,False,True
09386900,0.06576887766446417,-10.866803200308706,0.07771938254064596,0.05133039444413601,0.22656212049708577,0.1849457575639274,-4.00594017283532,0.28666421750437415,False,True
09404450,0.6316102144250614,-0.03156712289184349,0.4922308442246031,0.4115245814829449,0.6415018172093864,0.2477315915556727,-0.10448507793841366,0.12241991835209048,False,True
09430500,7.361422358805466,-6.955982569329136,0.11165720704109261,431.1389848579488,20.763886554736057,18.435650576693426,-7.017857258203401,0.2509473111310088,False,True
09484600,1.5951559929124361,-0.4541448877927403,0.4074739046476595,3.7001045913365016,1.923565593198345,1.1520328920879244,-7.270155217790013,0.3363760015829546,False,True
09497800,15.030433575731601,-3.8497127477490283,0.17094856501882086,1095.617683065311,33.100116058184916,29.543327277072372,-0.6759554436651685,0.38679121974539904,False,True
09497980,3.8609353003997193,-0.1891453661082958,0.4567992676419327,17.726377583927693,4.21027048821423,2.008296454103471,-0.857176693489019,0.6990302051744538,False,True
09505200,0.1363815783127254,-0.1271943069255408,0.47010280008003213,0.020965740731926225,0.14479551350758843,0.051315906774354596,-32.12071016682443,0.12578300676002302,False,True
09505800,4.271159057861048,-0.0760162831072706,0.48169179025091907,19.629549524026558,4.430524745899357,2.5187115123379438,-0.3530806196178866,0.5065960705392624,False,True
10166430,0.2683995309779977,-0.5703097378791493,0.3890581688513285,0.11312245691266674,0.33633682063173925,0.22824532050989857,-0.228955271709691,0.38444949528290273,False,True
10172700,0.04605426605748588,-1.18381720589651,0.3140883836383492,0.0046318662963959435,0.06805781583621343,0.05145481712329751,0.12226535196337385,0.2600610825254332,False,True
10172800,0.18904978064610858,-0.17016215799508205,0.4607950591691527,0.0418213843854247,0.2045027735396875,0.1612378317943767,-0.3984022402229008,0.4775560778040029,False,True
10205030,0.46180445312708573,-0.176036061648984,0.4595512076404687,0.25080539367151033,0.5008047460552968,0.38731826093528815,-0.06646455986912159,0.6100244740972836,False,True
10242000,0.005706232876400874,-28.017187090399705,0.03331424750055366,0.0009448313460117268,0.030738109018150852,0.021723524112703903,-13.0503244081084,0.18685901302376834,True,True
10244950,0.029876464861432365,-2.452733509068362,0.22458114728029802,0.003081920815338715,0.05551505034978096,0.04118294872353702,-0.19586737099532714,0.3392840263825908,False,True
10249300,0.25284443382833405,-0.11192406013960232,0.47350187389498183,0.07108564732374024,0.26661891779043034,0.20865494154357303,-0.019868483319160468,0.4757690406961922,False,True
10258000,0.6024224473993917,-0.363234916271703,0.4231487919862086,0.49473540751624157,0.7033743011485717,0.5298611540594914,-2.7220839955430973,0.5448570933771321,False,True
10259200,0.0018813203329935174,-4165.694325656167,0.00023994082143789628,0.014747457042520931,0.12143910837337753,0.1172688319242215,-8672.933104996231,0.2269840307520835,True,True
10263500,0.46897026498585187,-0.05495612052288035,0.48662839562021964,0.23201977991030603,0.48168431561584607,0.24408981327880727,0.21968212620763505,0.46827494364648137,False,True
10316500,0.05521256301383604,-20.153414718395254,0.045139767964062105,0.06448464299302131,0.2539382661061962,0.24917416820814892,-14.490633139731335,0.2802876343144199,False,True
10343500,0.061911892247483065,-0.3509540425139068,0.42535922945166826,0.005178318165816833,0.0719605320006518,0.04039356341220949,-0.5930780058796989,0.2723470679913266,False,True
10396000,3.3486624002406615,-1.199891217973061,0.3125106236059612,24.6685678841319,4.966746206937888,2.4856479781499465,-0.23540684317911698,0.753784998416976,False,True
11098000,0.06291729872252212,-3.8581852254831857,0.17070132839944807,0.019231546343836083,0.1386778509490109,0.12661132038443723,-41.13631653378108,0.4366894790319567,False,True
11151300,0.0005818957095809165,-2017.4792763109012,0.0004951771537001149,0.0006834623649733281,0.02614311314616773,0.02023422657495977,-3570.9777621976077,0.06790522450365746,True,True
11176400,0.016219205048483547,-99.34612985606499,0.009867175011223733,0.026397315064643156,0.16247250556522835,0.15723372965561774,-197.7234394559984,0.26907447283585073,False,True
11224500,0.023676990354093097,-307.4936955971536,0.003231083586599549,0.17294152633485155,0.41586238869949704,0.33654960682537405,-256.9675733415032,0.15941504052325053,False,True
11264500,6.613238783234538,-0.20110124783755556,0.4543180378378494,52.53007563890204,7.247763492202408,2.957460291289494,-0.32102493767267926,0.12108474639676464,False,True
11274500,0.008167022148338855,-3.687671729626926,0.17581886711060124,0.0003126688799003873,0.01768244552940535,0.01480165739869711,-12.119775844358495,0.34296946207950774,True,True
12189500,112.53622111658073,-0.06706121062510606,0.483778610357449,13513.691130340021,116.24840270016625,66.71905212667046,-0.02905458470987221,0.5259927937915594,False,True
12374250,0.009882490770544487,-1456.2980296543406,0.0006857308860501096,0.14232500657621153,0.37725986610851087,0.27254771005023076,-39.5735768570986,0.5414604721363059,True,True
12447390,0.041478463173572046,-91.33218375838878,0.010714417682422641,0.15885409730090216,0.39856504776623625,0.357059362743582,-11.797711523313046,0.4353931243399784,False,True
13011500,26.39118705348728,-2.714729887160271,0.21210122826406713,2587.28987927647,50.865409457473845,45.84242877208817,0.2735381865928065,0.5731952476906484,False,True
13018300,0.05917644309266956,-7.429033999553106,0.10605540292328944,0.02951722465611878,0.17180577596844288,0.16753099915614178,-9.748298131358348,0.3599076536714966,False,True
13161500,0.27924024894310306,-0.049220353573414144,0.4879904683047911,0.08181307944025344,0.286029857602757,0.17503427999744137,0.1795417653389877,0.4768852320757107,False,True
13338500,0.05581799040558102,-0.46547104018384466,0.40560200614866365,0.004565891992955829,0.06757138442385083,0.04929824981253746,-4.983082060841736,0.37238890255137425,False,True
14020000,0.040222592500700524,-2.6027731021161213,0.2172603293306487,0.005828771493443308,0.0763463914893383,0.06567161468871748,-17.304039843992545,0.25373820585911827,False,True
14096850,2.027208259157253,-0.16116139160345888,0.4627141702073702,4.771877882109251,2.1844628360558693,1.2491955466923814,-0.11211896883681005,0.49907696499989906,False,True
14154500,0.06662761551214805,-0.0733682558457196,0.48230698872743355,0.004764938382466665,0.06902853310383081,0.04940236553628396,-0.3146406375600477,0.6221847203341286,False,True
14308990,0.06929184484569109,-1.3019168972488986,0.3028543815966971,0.011052331166193433,0.10513006785022748,0.07755205058510924,-1.2158191112423773,0.47487016009618693,False,True
