basin,std_obs,NSE,NNSE,MSE,RMSE,MAE,KGE,Pearson-r,low_var_flag,neg_basin_flag
01073000,0.5719339815647471,-8.312882728338062,0.09696609826195043,3.0463229068725832,1.745371853466356,1.6907355160499056,-2.004833972709967,0.4579169512473333,False,True
01078000,0.004984973625852713,-13.77111474692468,0.06340705879367196,0.0003670616409038785,0.019158852807615555,0.017619249035922505,-2.7099801978754603,0.22545648678008617,True,True
01139800,0.9456430137071642,-0.8862650230093743,0.3464685300996187,1.6867749722416976,1.2987590123813184,1.1798998110145835,-1.448892789590864,0.7418352496103651,False,True
01162500,1.4017285482232438,-0.40412916324605463,0.41595102929070593,2.758893249247186,1.6609916463508136,1.5102494033721208,-0.27766564498221813,0.7844711069606126,False,True
01170100,0.0073746416531355165,-7.044198286169689,0.11056811984420903,0.00043748645489648496,0.020916176870940946,0.017990558618874716,-0.6054029166004233,0.42628969340747386,True,True
01195100,0.009691993439698808,-15.439896158647759,0.05733979095421043,0.0015442773192600129,0.039297294045010436,0.03843958583044639,-58.58118129188865,0.4875069355532865,True,True
01411300,0.18439511503638875,-1.3839236758977713,0.2955149393949304,0.08105712020466774,0.28470532170064494,0.2548920945486489,-0.23950514328234096,0.3380874435021971,False,True
01434025,0.49329044961018337,-0.2900098635546362,0.4366793418294556,0.3139051534555161,0.5602723921946504,0.4371862578879802,-2.439846328204713,0.6490395303870335,False,True
01440400,0.01145941999381803,-16.097469148015666,0.055256345062461236,0.0022452106955728264,0.04738365430792381,0.04523237846628729,-0.4560048083393966,0.18536687530546586,False,True
01466500,0.12680552141604728,-142.6852511952447,0.006911554507035107,2.3104071501165375,1.5200023520101993,1.5049912769621685,-8.806287480496279,0.3320665170858635,False,True
01484100,0.04503032874455597,-137.73284975896811,0.0071565133161239315,0.2813128317574961,0.5303893209308574,0.5184626975212054,-5.168326640592469,0.15216718109430083,False,True
01486000,0.28973827937325103,-8.453884081676435,0.09565822542004265,0.7936372184872762,0.8908631873005396,0.8686141127762709,-4.685584457748042,0.5578828059915641,False,True
01516500,1.1714554711988778,-0.9498198269823723,0.339003755704967,2.675753193094239,1.6357729650211972,1.4859567701754421,-1.9359957956538554,0.7505217527644066,False,True
01542810,0.5535799225814739,-3.1799487774915463,0.19305210204882803,1.2809483570894555,1.1317898908761534,1.0912953252116,-2.1948377934558394,0.48915657423003256,False,True
01544500,0.12012171778560035,-0.009222065563884607,0.4977050656266568,0.014562294361966063,0.12067433182730312,0.04527036261210567,-0.5490294164446832,0.5545259057306944,False,True
01591400,1.7711727237455668,-0.003979617419188175,0.4990070713832127,3.149537087377091,1.7746935192807491,1.5171284477991367,-0.6593998363812572,0.835520891294273,False,True
01594950,0.2770977973226682,-2.911595781827565,0.20359981651989859,0.3003447993071185,0.5480372243808977,0.519023208344553,-2.6112762960160785,0.5597379068007906,False,True
01613050,0.32300200960626335,-2.06619987068784,0.24592986862469196,0.3198975468793588,0.5655948610793408,0.5366965286118072,-3.244006736488827,0.6090324374307712,False,True
01620500,0.35836170076010965,-22.105856592492927,0.041483694892278634,2.967325929819349,1.7225927928037283,1.6779337018327025,-3.641909402725335,0.23419598084417587,False,True
01658500,0.48041244499408026,-14.99739769932012,0.0588325352909757,3.692137275990066,1.9214935014175993,1.8828241598203854,-7.60611311386698,0.418448946271328,False,True
02014000,0.004141553396481093,-46.481589442819484,0.02062638645912027,0.0008144262790263187,0.02853815479364983,0.027834166415134753,-13.009340915588435,0.3764072009110753,True,True
02028500,0.011954534419572836,-8.913844738936055,0.09162673869020843,0.001416796406575958,0.03764035608991974,0.03579431110476031,-0.6411047472232165,0.3583083055349845,False,True
02038850,0.7130920701605484,-7.396737404402865,0.10641991544123043,4.269743493575557,2.0663357649655,2.011133486073932,-8.766686897843151,0.519651648523089,False,True
02055100,1.0621183007702375,-3.1967397103973623,0.19242834079206483,4.734322278962519,2.1758497831795554,2.1203060415586767,-3.2272020227075258,0.788895426484414,False,True
02056900,0.05505391689532778,-0.6495712575698327,0.37741955312316927,0.00499974122319583,0.07070884826664786,0.05094516153428155,-1.092048832880335,0.5930064231343318,False,True
02074500,0.02933944501014545,-0.97445840904246,0.3361956573203257,0.0016996197880299454,0.04122644525095446,0.03338332549184134,-2.8289006056517323,0.5402285051463512,False,True
02092500,0.06332915318777607,-0.3469605370398332,0.42608300575061087,0.005402095204345006,0.0734989469607899,0.053049249615804706,-0.7716510328433841,0.6600480890574009,False,True
02096846,0.7825550027481155,-1.5898428312665658,0.27856372743961627,1.5859998917973706,1.2593648763552883,1.2159310889090291,-6.736266914060231,0.8529441579722118,False,True
02108000,0.021899176343657303,-2.231824928790764,0.23630467158426333,0.0015498989644960124,0.03936875619696427,0.037237747963872275,-2.090778133936106,0.767996010693421,False,True
02111500,0.07921667985645335,-0.3416116840488106,0.42705629067879003,0.00841899214491641,0.09175506604496785,0.06374544356391984,-0.3522262799396678,0.6659551170218797,False,True
02137727,0.01322786137965635,-8.61540092517589,0.09420275381482406,0.001682467437283011,0.04101789167281774,0.038431773543038054,-0.7781092711706528,0.43978402512066084,False,True
02140991,0.01489550578448907,-3.9616186875948847,0.16773967816506447,0.001100864567254361,0.033179279185274066,0.03061680341323061,-1.7572623388382915,0.4869198942904504,False,True
02149000,0.08421614883156542,-0.07470940076500732,0.48199521322420874,0.007622225669011814,0.08730535876457879,0.049052743082549866,-0.7290896706494148,0.6931720041850221,False,True
02177000,0.05351513734874234,-1.2883968269497363,0.30409955143022804,0.006553670850207444,0.08095474569293294,0.0717447511395471,0.05348893883598671,0.6306441467732402,False,True
02196000,0.04220425690693713,-0.3668639784227252,0.4224999869516788,0.0024346571630198765,0.049342245216648546,0.03134244901460061,-5.209277185920738,0.4085946072810961,False,True
02198100,0.09658467453735071,-0.15180358621611867,0.46472643061185237,0.010744714192022106,0.1036567132028703,0.07864646055817814,-0.8363869952758332,0.5198001716559425,False,True
02212600,0.02924020546115091,-0.2540142897783051,0.4436529105138706,0.0010721691953365982,0.032743994798078595,0.022946385001185537,-1.8360526220812483,0.5126265014729964,False,True
02216180,2.081755185472281,-0.2646410121614118,0.44157108991220784,5.480580637818337,2.341063996950604,2.175561376504361,-1.2852671312978243,0.8621289811411387,False,True
02231000,0.04999375602488386,-0.70391143243163,0.3698345988724561,0.004258714729451433,0.06525882874716211,0.052235273044218294,-0.7719154294112185,0.628991833697713,False,True
02361000,1.4237367822225555,-0.2032917884114931,0.4538663490962174,2.439104252159905,1.5617631869652662,0.9061860275712832,-0.07374364957962198,0.6045679490036965,False,True
02369800,0.06087923958275849,-0.810276970201391,0.3558368127424599,0.006709396609656513,0.08191090653665428,0.05953859831972362,-0.8349266878309103,0.33813825409898196,False,True
02374500,0.006482397681806576,-38.26460328598143,0.024835709739829005,0.0016499567301103285,0.04061965940416449,0.03984465064218276,-2.86668454222311,0.4285960674897504,True,True
02381600,0.5060094410395801,-3.0029784745033945,0.19988093194809559,1.0249448428403043,1.012395596019809,0.9767149901689886,-1.5194850153528265,0.6908324220907214,False,True
02384540,0.4748067420081354,-0.0013726146230004233,0.4996570816915922,0.22575088647665142,0.47513249360220716,0.32991550615795706,-1.1575870548569394,0.5284921385032273,False,True
02422500,0.039671671765276875,-0.3707063205723,0.42181521655478404,0.00215727454735076,0.04644646969739207,0.02977958330503503,-5.330301497786099,0.4189776282442807,False,True
03015500,0.14220673894898878,-0.305576305510201,0.43373103618824277,0.0264023518523316,0.16248800525679302,0.09131643890603597,-0.5157419035174775,0.40574237955033265,False,True
03026500,0.6888062822137297,-0.6288943355822643,0.38038805381598334,0.7728355868898275,0.8791106795448611,0.7867675735664952,-0.9260818229893573,0.6908059570919188,False,True
03050000,0.1815647182732896,-0.09209827182604102,0.47798901871238225,0.03600183524259845,0.1897414958373588,0.0926041705537077,-0.33246490293171993,0.5555644654853187,False,True
03066000,0.056408066289040666,-0.05569269563206203,0.4864540318330659,0.003359076856715528,0.05795754357040615,0.029937918456261953,-1.3588542277219875,0.44887353361203053,False,True
03159540,0.012383746324237641,-5.652859302283693,0.13067011433250703,0.001020263695118456,0.031941566885775284,0.02969297760265212,-0.9194373874317414,0.5048438417862356,False,True
03170000,0.0756140933212507,-0.2252429671573113,0.4493891295283919,0.007005315770835299,0.08369776443152648,0.045738688636360485,-1.387253094628166,0.5018539228670097,False,True
03173000,0.027298534140496388,-4.318187771599529,0.1582732321592331,0.003963166529624488,0.06295368559206434,0.05831903946222599,-4.897002600003349,0.5995628873872764,False,True
03237500,0.27180072375314834,-0.01796927773052115,0.4955476830274815,0.07520312520740625,0.2742318821862372,0.07407330637149646,-0.8465900149094294,0.34521906496759913,False,True
03241500,0.030496990297004353,-0.19381644675441967,0.45582664925291355,0.001110328585398162,0.03332159338024162,0.018197302574256388,-21.43931398830589,0.3140204429434955,False,True
03280700,0.05383633574721751,-0.4280197795240328,0.41185825932440756,0.004138902622673405,0.06433430362313254,0.04282106866093011,-1.8752580081376435,0.6034618589835663,False,True
03450000,0.9558371184201386,-2.5894732329171597,0.2178899296824922,3.2794310356857275,1.810919941821208,1.7487821376311339,-3.237406212510783,0.7740103622972859,False,True
03479000,0.03442622137948258,-1.641950130665299,0.27457816942082164,0.0031311460828194557,0.05595664467084723,0.04735755214339274,-2.04387840202147,0.538371174088662,False,True
04043050,1.3716006350690084,-0.2736442848063976,0.43982253806476623,2.396092094070444,1.5479315534190923,1.3077201023711325,-0.15777821928707247,0.4357910440293233,False,True
04063700,0.006272409328713661,-43.896212516643054,0.02178829025679137,0.0017663570221257275,0.042028050420233956,0.04160090216069225,-8.766866290640323,0.34064154033657307,True,True
04074950,8.26711250053584,-0.0888818457590832,0.4787250183777666,74.41979209689403,8.626690680492377,7.683963134725609,0.441877562820463,0.8823059363257046,False,True
04115265,0.7770444768429288,-0.15229791435548456,0.4646196947598003,0.6957553132063625,0.8341194837709778,0.7329568956391961,-0.11786373127615324,0.6835447061012032,False,True
04122200,0.40444480950038336,-0.3495308558691841,0.42561688326074804,0.22075032477340262,0.46984074405419823,0.35907576526938734,0.17908045932353822,0.7813838096817396,False,True
04122500,11.134674261923502,-0.7170607975577419,0.3680447639960285,212.88286480840458,14.590505981918673,12.468380798181581,0.2946676263757989,0.7347038831912922,False,True
04124000,10.802079173300712,-1.3142405706081117,0.3017282477525509,270.0369630357493,16.432801436022686,15.086187688713897,0.39920695691691954,0.8030500419304085,False,True
04127997,3.046290329403169,-0.9916151992605282,0.33426758904259524,18.481959557340314,4.29906496314493,3.8025842111985884,0.297059075113676,0.801370510231476,False,True
05062500,0.030254986849222277,-0.5312891945133498,0.395055611254349,0.0014016873532893793,0.03743911528454404,0.025391831192012587,-5.425274670852001,0.35695302814356156,False,True
05120500,0.01861143057456143,-4.0752287917860155,0.16460285435703184,0.001757984891383405,0.04192833041492834,0.037622284789802445,-17.713625413652093,0.09670701644481575,False,True
05123400,1.1520655025648376,-0.27461586675326033,0.4396346717775162,1.6917401830624486,1.3006691289726409,0.8315298751419896,0.004332477932424306,0.642237675726128,False,True
05129115,10.71110921180738,-0.5611618199186053,0.39044780076870755,179.10875556733606,13.383151929472222,12.32551953427208,0.42975502500080065,0.8706745207770983,False,True
05131500,0.015109445779620324,-4.07152387257749,0.16470329706131565,0.0011578053264862688,0.034026538561632576,0.024115722712856547,-4.333427083240419,0.22832182298221426,False,True
05362000,9.70630229513701,-0.5954474585716145,0.38529001875859303,150.3107813731941,12.260129745365425,10.588261328041476,0.23638272083414869,0.8148241701494641,False,True
05414000,0.15742225010881272,-0.053200515848569996,0.4870444909209019,0.026100167501879445,0.16155546261850587,0.06498779645803729,-0.7606968576944804,0.5936982815823778,False,True
05454000,0.07126168068619985,-0.016927718963823724,0.4958035880996965,0.005164189935984482,0.07186229843238026,0.032105527886165004,-2.1257256039593027,0.5118278833446867,False,True
05466500,0.02724296591339867,-2.2724578833202833,0.23405731017361447,0.0024287501469067124,0.049282351272100566,0.04421048858590135,-2.0569706347505226,0.6443977210416731,False,True
05489000,0.05362235329500716,-0.47596436478506243,0.4038830341109573,0.004243924132835754,0.0651454076112488,0.03938181762789139,-20.909874719508892,0.22848775690447154,False,True
05501000,0.2245953106449882,-0.013589844577856836,0.49662546853460465,0.05112856682168218,0.22611626837023951,0.05710533456132718,-1.4943055230276365,0.49128048280014014,False,True
05507600,0.17431009722757193,-0.03893052362450877,0.49045320005428533,0.031566875414422144,0.1776706937410392,0.05889276594914055,-1.0311559141966669,0.529029860161733,False,True
05525500,0.051899691932501386,-0.5343179777539089,0.39458347720291614,0.0041328051846938685,0.06428689745736582,0.039975666163607454,-16.573225779761874,0.24657816383786585,False,True
06280300,0.0037125440810362093,-297.05274562122463,0.003343891720247183,0.0041080560910136885,0.06409411900489535,0.06343301985628291,-37.71434702409612,0.15230542234385805,True,True
06311000,0.682777205238238,-4.625145231350392,0.1509400873610995,2.6223567095955373,1.6193692320145945,1.5470761971250624,-3.2807153446280326,0.37814150487933923,False,True
06332515,1.1227622005442688,-1.2240561621564114,0.31016829413143643,2.8036339864827817,1.6744055621272826,1.5215526660469816,-9.487062863486678,0.7245454053680063,False,True
06339100,1.7987426229266599,-0.5530105102740106,0.39169443132949405,5.024726717275925,2.2415902206415708,2.023104610843431,-3.4384805474894593,0.8644068349565863,False,True
06339500,0.009292393223263444,-27.271776105228177,0.03416260073885274,0.0024412274893811673,0.04940877947674044,0.04851725076150235,-62.34589754342789,0.19399923329971175,True,True
06344600,1.164891214420617,-2.5915157891260225,0.21779300037871505,4.873584716456108,2.2076196947065196,2.1098093065878114,-6.212480335938349,0.6848279556953712,False,True
06350000,0.04398598862252987,-1.1727294055898487,0.3151860345348575,0.004203725577767245,0.06483614406924,0.047702234453270244,-123.5773454247534,0.05456347587232459,False,True
06404000,1.8136565372147229,-0.07122265732593647,0.48280661495421046,3.5236262853482576,1.877132463452768,1.6985429466903912,-2.6525230357488554,0.8767007844663804,False,True
06408700,0.15957902081390676,-8.23199860405101,0.09773261693019429,0.2350971270279096,0.4848681542727978,0.4713184316078726,-4.256501863474385,0.34746081649918226,False,True
06431500,0.15097750316416694,-0.06916757706332755,0.48328613452335895,0.024370826493722103,0.15611158347067683,0.058652376132333685,-1.0358415183298355,0.525740226443806,False,True
06440200,0.2790914619520673,-0.0045933012118368755,0.49885430595596125,0.07824982575525785,0.2797317031644033,0.06740655193718455,-0.8803788151414782,0.5082671436212699,False,True
06450500,0.06505471962035579,-0.467845746135934,0.4052117121038723,0.0062120942675581705,0.07881683999982599,0.04749839922579939,-5.32999826402253,0.280512461889543,False,True
06464500,0.11997704708277139,-0.14005778443671502,0.4672771021756359,0.016410552460041767,0.12810367855780633,0.05126936746533673,-3.640929153159073,0.3624492198160837,False,True
06470800,0.07468903315640261,-0.11082210009193894,0.4737490667529225,0.006196667403594352,0.07871891388728856,0.04006732920665806,-1.0766505909083652,0.6630381306228038,False,True
06479215,0.9146708285713719,-2.5234614467232475,0.22106964141904878,2.9478079157196264,1.7169181447348112,1.5958765410673255,-1.7689979018653155,0.46687143581360396,False,True
06614800,0.17105081623615007,-4.32169128012735,0.15818551645246667,0.1557040749500698,0.3945935566504727,0.3837918792039366,-4.954678041659522,0.4248695175005171,False,True
06746095,0.0714613547758494,-0.0030652067753522694,0.4992348709455428,0.005122378395163638,0.07157079289181892,0.042259304146608834,-0.17274804219849504,0.15752994225535455,False,True
06847900,0.017131668173072913,-3.4377641720556795,0.1838991115390652,0.0013024573992934183,0.03608957466212948,0.031665072742153466,-119.09702597138775,0.1505452867767232,False,True
06879650,0.8999296889073216,-2.6458416689396485,0.21524625057406158,2.952670352264223,1.7183335974903775,1.6438302494039876,-19.294794386515022,0.8061516553471514,False,True
06903400,0.07231166532582,-0.1965392264757695,0.4552616169775611,0.006256676025671723,0.07909915312866328,0.03937266062938331,-4.99552896770484,0.42269631284655745,False,True
06919500,0.20321649555504503,-0.0209043186964053,0.4948279791123685,0.04216022854561011,0.20532956081775003,0.06250108281382988,-1.1841583183665927,0.4807459474455327,False,True
07014500,0.06057612274717236,-1.6095197313749106,0.27704516789525563,0.009575545619178682,0.09785471689795379,0.031607333884315005,-1.8715634477810252,0.15747250906346252,False,True
07057500,0.021972700601643046,-33.255912094553736,0.028364037138454236,0.01653873968845205,0.12860303141237397,0.037660276385716916,-5.384154533593805,0.27381914198672275,False,True
07068000,0.0331135588746778,-7.046520270515057,0.11053974015393056,0.008823072089384135,0.0939312093469691,0.029950034262644986,-1.516813921228907,0.16543507299873364,False,True
07083000,1.2648703291290484,-0.013901225584570298,0.4965486823762831,1.6221374779182458,1.273631609971363,1.22599528590108,0.6282911254351563,0.9707259789054831,False,True
07142300,0.37703549228911554,-7.94058170250829,0.10059773461221809,1.2709552086281022,1.1273664925959535,1.0978063266033673,-4.304257126526545,0.2218245966299881,False,True
07180500,0.013615273174857875,-5.279254801316227,0.1373766995790807,0.00116402102587077,0.03411775235666573,0.03244880794912492,-27.29950796208362,0.5643278665650476,False,True
07184000,0.00034239513203574974,-12288.860377631185,8.136126920943266e-05,0.0014407947324211311,0.03795780199670591,0.036446813885234186,-5118.378833564382,0.25301568385686013,True,True
07195800,1.8564632901351101,-0.10849979841303892,0.47427085397525265,3.820395723175389,1.9545832607426548,1.7183193060952238,-2.258738511204828,0.9094677257869587,False,True
07208500,0.2274045886948886,-79.2863793221449,0.012302184060098361,4.15183724681776,2.0376057633452453,2.0178725629353664,-55.45218865324181,0.15421756547767637,False,True
07292500,0.003339854037426359,-1122.4605445306358,0.0008893153297943529,0.012531781066775714,0.11194543790068318,0.03849931991765174,-38.569045148837795,0.051775358437622813,True,True
07301410,0.10535004140764466,-1.6477051003709757,0.274144968544277,0.02938590250048998,0.171423167922221,0.14764008882930868,-5.226600616310586,0.35286093312938194,False,True
07359610,0.05770759209569074,-0.30795998351500864,0.43328307559172075,0.004355724109066097,0.06599790988407207,0.05291871823601527,-0.5718034557200562,0.7439504312725808,False,True
07375000,0.7912370317088887,-0.0835357444454099,0.47995336901032026,0.6783540977424664,0.8236225456739673,0.23395757278893992,0.2012268885189772,0.3331318529335485,False,True
08070000,0.42577744752186214,-0.47279879862103624,0.404400067064758,0.266998443406583,0.516718921084358,0.14011451160811433,0.1830776058386645,0.614816798281022,False,True
08079600,0.5870657098041253,-10.533878312344127,0.07978376485553869,3.9751067275574825,1.9937669692211983,1.9520064230182068,-29.527869468864623,0.6576595692319567,False,True
08082700,0.43172349976369406,-0.015204521740888266,0.49622754872350283,0.1892190777734757,0.43499319278981335,0.30663011200953405,-3.2294434102165877,0.7128402836779619,False,True
08101000,0.08882160860936,-0.016657633009322215,0.49586998984441766,0.008020694856184686,0.08955833214271404,0.03209635316211757,-3.9383753425401213,0.4071930769566085,False,True
08103900,1.558863742302717,-0.6019764094263391,0.3843232384341529,3.892892653220773,1.973041472757421,1.827035428049123,-8.53347233608908,0.8824381219063027,False,True
08104900,2.577931661940284,-0.0616320970344999,0.48505259567816367,7.055322031776225,2.6561856169658444,0.937120100114847,0.47955014820154807,0.48386533619118566,False,True
08158810,2.0504894896375725,-0.0048707215914882696,0.49878527788873545,4.224986130857168,2.0554771054081744,1.5151247985045488,-5.263476660117495,0.8587653159309463,False,True
08164000,0.030998733347810125,-11.885195091371317,0.07201915374033387,0.012381660597725016,0.11127291043971581,0.03146629420597947,-2.184788000304769,0.24261883249974994,False,True
08171300,0.030864131557791784,-0.27247256963176114,0.4400493160461089,0.0012121505198781019,0.034815952089209075,0.016324436941089683,0.04962390395951155,0.32360510303602347,False,True
08175000,0.3435132654145104,-0.3937496129885101,0.4177546367314232,0.16446435473217894,0.4055420505103989,0.0179294490875916,0.155690721234081,0.2192156243632414,False,True
08190500,0.04846534180893126,-0.771682179440377,0.3607917269222791,0.004161485414665564,0.06450957614699979,0.040780592611720234,-4.307757738587437,0.3000582980167181,False,True
08194200,0.07386319289921549,-0.06107508952592022,0.4851836816047375,0.0057889829837258246,0.07608536642302398,0.03011412382250128,-22.96907323618064,0.29365204441295917,False,True
08202700,0.06345403085675015,-0.08251447145969992,0.4801887399606249,0.004358651457695275,0.06602008374498834,0.027449268189716432,-0.6796937125287648,0.2891999895600059,False,True
08267500,0.015538872568228003,-4.5954146286939395,0.15162049034027533,0.0013510495718880655,0.036756626231035754,0.03336407617414125,-1.6497263142345466,0.20091372107646271,False,True
08269000,0.5363660649598964,-9.91004624931104,0.0839627302083606,3.138695447436043,1.7716363756245364,1.729951970719999,-6.471891038394286,0.4717695842789243,False,True
08271000,0.4433854759509315,-11.073620739673153,0.07648990435873701,2.373561314706182,1.5406366588868974,1.5099309037362096,-6.61277971057408,0.4239379855181485,False,True
08380500,0.0016370658380737775,-437.2094981185617,0.0022768177926107977,0.0011743946882091462,0.03426944248465601,0.03397612449719586,-4034.7652827176626,0.022349791033051795,True,True
09034900,0.018874794432544712,-41.47668196450437,0.023000835271109903,0.015132652023471232,0.12301484472807024,0.11864089856304351,-21.710081749691575,0.06903296879580781,False,True
09066000,0.16532947270323073,-0.006332336581161835,0.4984219123458001,0.027506921584716792,0.1658521075679076,0.13653641492167207,-0.17772480319950512,0.49212637646243523,False,True
09306242,0.029336874515129573,-5133.362009902224,0.00019472823884114838,4.4188999918497585,2.102117977623939,2.0905843198509118,-158.0376563256915,-0.20681206294045593,False,True
09312600,0.18581487385877182,-130.3995893408775,0.007552893517104411,4.536855610519434,2.1299895799086515,2.115794174347907,-22.920498069779946,0.05474723316242347,False,True
09352900,0.032092987847940325,-0.3447910093714295,0.4264772408301203,0.0013850807718553948,0.03721667330452031,0.017365862882555448,0.3541831327769219,0.6223819379578004,False,True
09378170,0.14332943185219338,-0.15785253901091845,0.4634236964395925,0.02378614220943785,0.15422756630848405,0.10424586261409255,-1.3101466951369982,0.13578383282256204,False,True
09378630,0.10629688516548169,-20.66805447175102,0.0441149460464815,0.24482794975903477,0.49480091931910836,0.4903945698305005,-20.729625608868822,0.24910746816055138,False,True
09386900,0.06576887766446417,-1245.1161604532126,0.0008018499252199502,5.39013186277596,2.321665751734293,2.3104290420196625,-60.81147412001992,0.07858598664825074,False,True
09404450,0.6316102144250614,-9.181593474251912,0.08943269153030119,4.061757980009127,2.015380356163354,1.9915809875506114,-5.810177352241328,0.5091753513498845,False,True
09430600,0.9068341640788741,-4.752601661426919,0.14809106921149057,4.730641628153028,2.1750038225605555,2.116879905405706,-6.4533111990941086,0.8228618824793015,False,True
09447800,1.5829362658166288,-1.5462880848713474,0.28198498713797476,6.38020151686994,2.5259060783944323,2.4694794594721152,-13.00241953999559,0.9456414788897398,False,True
09480000,0.9506939597378353,-4.44523772774198,0.15515331508964206,4.921509345522753,2.2184475079484645,2.1810486406817984,-19.497337707753697,0.8934234892716648,False,True
09484000,1.6884387524618707,-0.7617655058001147,0.3620872220685835,5.02248588944996,2.24109033495974,2.163336982345221,-4.743499699302513,0.9013591104570939,False,True
09484600,1.5951559929124361,-1.306665179007513,0.30241949089630765,5.869361774862021,2.4226765724838346,2.3829526882681775,-17.11673337711537,0.930841606391155,False,True
09492400,1.381440987277445,-0.6615773904601887,0.375717047937163,3.1709197333545363,1.7807076496029708,1.6705301459728197,-1.6563574355400577,0.8899912987181626,False,True
09512280,1.0191031633073915,-3.859610592040619,0.1706598048270215,5.04705188335678,2.2465644623194723,2.1947130283939362,-27.73088947836849,0.8215259722131526,False,True
09513780,1.355433055703187,-1.5987255787066723,0.27787614757760576,4.774375432850841,2.185034423722162,2.0477285242023213,-13.491897991098934,0.8474097159642239,False,True
10023000,0.45227126336213436,-17.958076159690894,0.05010502976332403,3.8778611255937174,1.9692285610344265,1.9266908886471794,-5.029588180945175,0.19622815943096197,False,True
10166430,0.2683995309779977,-60.2067909068216,0.016075415327208912,4.409233669066369,2.099817532326647,2.0852345222884634,-10.35600151923714,0.19718910371817935,False,True
10172700,0.04605426605748588,-2022.8958318921673,0.0004938525647838133,4.292673794237799,2.071876877190775,2.0611351323463283,-33.339375726944574,-0.20374596528240216,False,True
10172800,0.18904978064610858,-63.85898824494818,0.015183956307994248,2.3180485368704944,1.522513887250456,1.5110576169771783,-13.961401555073314,0.22411976979210546,False,True
10173450,2.3199732189011097,-0.031950400923209665,0.49213799684561865,5.554241604076207,2.356743856272083,2.242295669672823,-0.6693656770838656,0.9414061380936783,False,True
10205030,0.46180445312708573,-7.87340914974199,0.10128213921187817,1.89237298717603,1.3756354848491041,1.3307919769209382,-3.0801446892730677,0.27313302341047796,False,True
10242000,0.005706232876400874,-5.303969542520643,0.1369118524082583,0.00020526414257594614,0.014327042352696042,0.011924656583270524,-14.09212934473566,0.09237635912791585,True,True
10244950,0.029876464861432365,-3998.8966741692957,0.00024994397042448727,3.570320381503378,1.889529142803407,1.8829355424273615,-75.45702238145957,-0.11658750883637992,False,True
10249300,0.25284443382833405,-60.69426561898494,0.015950422102036427,3.9441333854559333,1.9859842359535318,1.9636242694105428,-11.12958545524558,0.1485645462980476,False,True
10258000,0.6024224473993917,-9.41245364506935,0.08762357606000364,3.7788127606252164,1.9439168605229022,1.9067958711039936,-13.78896817486716,0.6519116616110457,False,True
10258500,1.6710423500911595,-1.0983502654554052,0.32275240509420483,5.859396635245161,2.4206190603325344,2.3833083554321757,-21.532349306012105,0.9479669788744158,False,True
10259200,0.0018813203329935174,-235.16007213759414,0.004216561375558301,0.0008358569760116378,0.028911191189773516,0.024179246417395547,-1787.4616772278396,0.4171773653676048,True,True
10263500,0.46897026498585187,-16.839750628030558,0.05307925883648156,3.923551827273011,1.9807957560720417,1.9462973722201857,-6.129035874161898,0.5226875289505171,False,True
10310500,0.44255035476825216,-13.713212238680107,0.06364071106596336,2.8815946303643005,1.6975260323082826,1.6682121109762071,-6.007679760142867,0.43131195636228714,False,True
10316500,0.05521256301383604,-0.6423910575545735,0.3784451196733385,0.0050067094325550055,0.07075810506616896,0.04666915417321091,-2.1194683483094687,0.308024399640758,False,True
10329500,2.209379704166388,-0.041876941562090986,0.489745478606058,5.085775049250328,2.255166301905544,2.063034545404677,-0.8705007347973099,0.8639789380255225,False,True
10343500,0.061911892247483065,-0.019968395888167123,0.4950572504181712,0.003909622908532346,0.06252697744599803,0.025772182521858592,-0.5571065326355471,0.37646873222016786,False,True
10348850,0.62565591793217,-1.0475556351341866,0.32813182751164743,0.801506086463491,0.8952687230454837,0.8383451626811576,-1.3078047623389546,0.771252781833273,False,True
11151300,0.0005818957095809165,-1547.0605989623248,0.0006455525372408761,0.0005241773698180143,0.02289492017496489,0.02261871770542373,-4025.2469708913045,0.10291985622337425,True,True
11176400,0.016219205048483547,-2.404191776235992,0.22705641597983323,0.0008955155817834205,0.029925166361833656,0.02666312178457532,-32.54205588298203,0.5332897586191584,False,True
11180500,0.6354109801559592,-11.25754909778871,0.07542872310891874,4.948950069302022,2.2246235792380746,2.185215031235424,-33.78541869994514,0.5738154925525469,False,True
11180960,0.43829342881050615,-22.351527505459902,0.04106518573735418,4.485854814917809,2.117983667292505,2.089916550079329,-37.61033153861323,0.44247716540207144,False,True
11224500,0.023676990354093097,-76.6361498564509,0.012716797577519815,0.043522815689786075,0.20862122540572442,0.19917409773096947,-151.27896670572605,0.15466037823987203,False,True
11274500,0.008167022148338855,-15.161137477161901,0.05827119567865494,0.001077951922478697,0.0328321781561732,0.031931865967155776,-31.494475147953068,0.35544065450721163,True,True
11274630,1.3381328291075263,-2.5323493942113084,0.22063612334856494,6.325022947249331,2.5149598301462652,2.4176747691112475,-10.600013543725714,0.7805801605777456,False,True
11284400,2.1399378731618475,-0.35558176145771325,0.42452357899951065,6.207661786926722,2.491517968413377,2.1541548653920555,-4.737832980037009,0.8644502584116931,False,True
11299600,1.5649962118801934,-0.48134569378133407,0.40300712734471733,3.628131342831011,1.9047654298708308,1.6518590399101745,-3.7687604831452806,0.8326831208745936,False,True
12010000,0.3700945375051421,-0.05313734956037397,0.48705947520467835,0.1442481876904852,0.37980019443186863,0.17420120816433382,-0.3129912487853115,0.8640838358431634,False,True
12073500,0.6072880698464312,-0.0749816109101753,0.48193198182674857,0.39645192788688294,0.6296442867896785,0.5008378947839698,-0.18277374174806083,0.5949633658496524,False,True
12374250,0.009882490770544487,-780.4544659957081,0.0012780296406481053,0.07631967500719784,0.2762601581973011,0.26858550381366914,-30.20857969021721,-0.349937013037639,True,True
12375900,0.7479773820836902,-1.8045005228583628,0.2628465928685664,1.5690343677667018,1.25261102013622,1.1632442499249183,-1.0160159979859187,0.273506402773849,False,True
12447390,0.046645389878644895,-1.4282435362782198,0.2916945629497556,0.005283353824130479,0.07268668257755666,0.05739127192168877,-1.147020215987351,0.343630612663108,False,True
13011500,26.39118705348728,-2.227645197564051,0.2365382980994231,2248.0379481740974,47.413478549607575,45.46578014867052,0.37828251334095264,0.8891145951429359,False,True
13018300,0.05917644309266956,-0.55111009875403,0.39198621826960856,0.005431757097399858,0.07370045520483477,0.047854758613280035,-2.3185123949327124,0.36464822999812896,False,True
13083000,0.2975182304902662,-55.029680062576766,0.017534729265581243,4.9595846515394575,2.2270124946976515,2.1929500410884253,-7.046574804723811,-0.1023527551288676,False,True
13338500,0.05581799040558102,-0.39689358878393777,0.4172066731203321,0.004352228790027663,0.06597142404122912,0.038803165683026546,-3.900351479051392,0.1818394652524173,False,True
14020000,0.040222592500700524,-0.3370673064211329,0.42788669254517514,0.0021631836309383375,0.0465100379589002,0.027013686588442914,-6.785692284158059,0.3103618697969849,False,True
14138800,0.7379197718547931,-0.1504493826847051,0.46501908301211015,0.6264491285197519,0.7914853937501006,0.45731884982571724,-0.19996158161722644,0.6784760395201698,False,True
14154500,0.06662761551214805,-0.29260196603277167,0.4361856156524406,0.005738169251473291,0.07575070462690953,0.05036948176464818,-0.6601119865554013,0.6842464482459504,False,True
14166500,0.12649462504281225,-0.029584760506226715,0.4927116223274047,0.016474272668131396,0.12835214321596425,0.07526364294025818,-0.07076410779187059,0.7111181124544319,False,True
14182500,46.76236273317686,-0.06854647248984436,0.48343124667454607,2336.610412580331,48.3384982449841,35.068420127479406,0.33923376623164825,0.6912803259531262,False,True
14309500,12.606250626630024,-0.0019861123400362057,0.4995039645060987,159.2331829781685,12.618763131867103,4.834911065747062,-0.22515387735506898,0.7032919549612171,False,True
14362250,0.5600390497703565,-4.046612594032768,0.16538185379808718,1.5828384345345976,1.2581090710008405,1.2232103426392185,-5.882481856834899,0.39369767275340534,False,True
