01013500
01022500
01030500
01144000
01544500
01552000
01568000
01606500
02014000
02016000
02017500
02018000
02051500
02108000
02350900
02361000
02363000
02371500
02372250
02472000
02472500
02479300
02479560
02481510
03050000
03069500
03164000
03213700
03281500
03498500
03574500
03604000
04045500
04074950
04124000
04185000
04213000
05056000
05057000
05129115
05131500
05412500
05458000
05466500
05487980
05489000
05495000
05501000
05514500
05585000
06043500
06191500
06280300
06339500
06350000
06353000
06450500
06453600
06464500
06468170
06468250
06784000
06847900
06876700
06878000
06889200
06889500
06892000
06921070
07014500
07056000
07057500
07066000
07067000
07068000
07071500
07148400
07149000
07151500
07226500
07290650
07292500
07301500
07362100
07376000
08013000
08079600
08190000
09430500
09447800
09497800
11274500
11473900
11478500
11482500
11522500
11528700
12040500
12041200
12095000
12189500
12358500
12411000
12414500
13023000
13161500
13235000
13310700
13331500
13337000
13338500
13340600
14182500
14301000
14316700
